ID	Name	Achievements
0		
1	阅历	706,1,2,3,4,5,6,7,1877
2	经历	579,705,104,8,9,10,1085,2335
3	战斗	165,166,167,168,707
4	交流	11,12,13,709,710,708
5	朋友	26,27,28,29,30,31,32,33,676,675,674,673,672
6	师徒	1095,1099,1094,1097,1098,1103,1232,1238,1239,1240,1241
7	金钱	371,372,373,890,891
8	包裹	711,14,15,16,17,18,19,20,21,2334,22,23,24
9	称号	713,712,151,152
10	科举	1289,1299,1290,1291,1292,1301,1295,1296,1270,1300,1271,1297
11	易容	2596,153,154,155,2597,2598,2599,2600,2601,2602,2603,2604,2854
12	亲传	2691,2692,2693,2694,2695,2696,2697,2698
13	换装	2767,2768,2916,2917,2918,2919,2920,2921,2922,2923,2924,2925,2926,2927,2928,2929,2930,2931,2932,2933,2934,2935,2936,2937,2938,2939,2940,2941,2942,2943,2944,2945,2946,2947,2948,2949,2950,2981
14	天策招式	36,37,38,39,40,41,42
15	万花招式	43,44,45,46,47,48
16	七秀招式	49,50,51,52,53,54
17	少林招式	55,56,57,58,59,60
18	纯阳招式	61,62,63,64,65,66,67
19	藏剑招式	1359,1360,1361,1362,1363,1364
20	轻功学习	704,73,74,671,670,669,668,667,701,702
21	轻功试炼	1345,1896,2005,1816,1831,1860,1853,382,75,76,77,78,79,80,81,82,83,84,85,86,87,88,89,2707
22	秘笈获取	719
23	五毒招式	1743,1744,1745,1746,1747,1748,1749
24	唐门招式	2709,2710,2711,2712,2713,2714,2715
25	气海丹田	99,100,101,102,103
26	修炼周天	108,718,109,110,111,112,113,114,115,116
27	打通奇穴	1422,1423,1148,117,1149,118,1150,119,1151,120,1152,121,1154,123,1155,124,1156,125,1157,126
28	传功助人	128,129,130
29	装备品质	131,132,35,90,374,2902,2903,2904,2905,2906,2907
30	天策装备	133
31	万花装备	135
32	七秀装备	137
33	少林装备	139
34	纯阳装备	141
35	藏剑装备	1366
36	五毒装备	1898
37	浩气盟装备	1899,1900,1367,149,964,965,966,967,968,969,970,2771,2772
38	恶人谷装备	1368,1901,1902,971,150,972,973,974,975,976,977,2773,2774
39	五行石	1305,1312,1314,1316,1317,1508,1509,1511,1512,1513,1514,1515,1306
40	挂件收集	1903,1904,730,731,732,733
41	唐门装备	2759
42	五彩石	2908,2909,2910,2911
43	技艺神农	218,226,234,247,248,249,250,251,734,2273,2274,2275,2276
44	技艺采金	219,227,235,242,243,244,245,246,735,263,2278,2279
45	技艺庖丁	220,228,236,252,253,254,255,256,257,2277,751
46	技艺医术	221,229,237,736,305,258,259,260,261,262,264,753,265,266,1146,1147
47	技艺铸造	2356,2355,222,230,238,737,304,739,276,277,278,279,280,754,2280
48	技艺缝纫	223,231,239,741,738,303,755,2296,2297
49	技艺烹饪	224,232,240,743,306,744,745,267,268,269,270,271,272,273,274,275,1144,1145
50	江湖美味	746,747,748,749,300,2325,2326,2327,2328,2329,2330,2331,2332
51	饥不择食	307,308,309,310,311
52	有难同当	313,314,315,316,317
53	使用物品	323,325,320,321,1213,1138,1139,1140,1141,1142,1143,2350,2351,2352,2353
55	杂集	326,327,329,330,331,333,336,337,338,339,340,343,344,345,347,349,352,353,357,358,360,363,365
56	道集	350,362,359,354,351,342
57	佛学	361,364,356,355,348,346,341,335,334,332,328
58	杂集套书	2071,2080,2089,2098,2107,2116,2125,2133,2141,2148,2154,2161,2166,2172,2181,2190,2199,2206,2211,2216,2221,2226,2232,2237,2242,2247,2252,2257,2262,2267
59	任务基础	756,757,367,368,369,370,1897,1919
60	日常任务	758,397,398,399
61	协助任务	566,567,568,569,570,571,572
62	阵营任务	563,564,565
63	稻香村任务	375,677,678,679
64	长安任务	383,408,762,763,764
65	洛阳任务	786,761,772,788,787
66	扬州任务	384,409,765,766,767
67	少林任务	376,682,410,681,400
68	纯阳任务	377,401,411,412,413
69	万花任务	378,402,414,415,416
70	七秀任务	379,403,417,418,419
71	天策任务	380,404,421,420,422
72	藏剑任务	1337,1352,1353,1354,1355
73	五毒任务	1878,1889,1890,1891,1892,1876
74	洛道任务	386,423,768,769,770
75	寇岛任务	387,424,695,693,694
76	枫华谷任务	388,427,691,690,692
77	金水镇任务	389,425,426,689,688
78	龙门荒漠任务	390,771,428,429,430
79	巴陵县任务	393,785,863,862,922
80	昆仑山任务	391,431,685,686,687
81	南屏山任务	392,432,433,684,683
82	浩气盟任务	781,405,782,783,784
83	恶人谷任务	406,923,924,925,926
84	瞿塘峡任务	789,435,790,791,792
85	成都任务	1807,1808,1809,1810,1811,1812,2354
86	融天岭任务	1817,1818,1819,1820,1821,1822
87	黑龙沼任务	1832,1833,1834,1835,1836,1837,1838
88	白龙口任务	1854,1855,1856,1857,1858
89	无量山任务	1861,1862,1863,1864,1865,1866,1867,1868
90	公共任务	2294,2295,1826,1827,1828,394,395,396,1921
91	唐门任务	2705,2754,2755,2756,2757,2758
92	行走江湖	2655,1875,1894,1917,1918,1814,1852,1338,575,437,438,439,577,578,441,442,443,445,446,447,448,449,450,451,452,453
93	行侠仗义	1874,1859,1825,1813,1893,459,461,462,463,464,465,466,467,468,469,1280,1281,1282,1283,2760,1356,458,456,457,460
94	江湖风云	470,471,472,473,474,475,476,477,478
95	江湖知己	1895,1815,486,487,488,489,490,2706,481,482,483,484,485,480,479,1869,1339
97	切磋比武	181,182,183
98	洛阳擂台	170,171,172,580,173,174,175,176,177,178,179,180
99	扬州擂台	796,797,798,799,800,801,803,804,805,806
100	神农洇	196,198,199,200,201,202,203,205,206,207,208,209,813
102	云湖天池	185,186,187,189,190,191,192,193,810,194
103	九宫棋谷	1220,1221,1222,1223,1225,1226,1227,1228,1229,1230
104	丝绸之路	1498,1499,1502,1503,1504,2474,1500,2475,1501,2476,1505,2477,1506,2478,2479,2480,2481,2482,2483,2484
105	名剑大会	2762,2780,2763,2781,2764,2765,2766
106	城市声望	503,504,505
107	门派声望	1346,1881,506,507,508,509,510,2708
108	势力声望	1882,1883,1884,1885,1886,1887,1879,1880,514,819,820,821,822,823,2396
109	阵营声望	511,512
110	二人秘境	
111	普通秘境	525,523,522,521,524,526,527,528,647,1988,2722,2740,1741,1802,1766,1778,1789,1347,2718,2736
112	英雄秘境	539,537,536,535,538,1425,1977,1922,1940,1952,1966,532,534,533,824
113	团队秘境	2012,1436,1406,1407,1440,1444,1448,1452,1453,2389,2493,2533,2680,2681,2427,2018,2299,2019,2429,2397,2390,2495,2428,2492,2534,2536,2430,2289,2304,530,2951,2974,2310,2306,293,2300,2290,531,2013,2049,2052,1550,1540,529,1272,2298,2382,2391,2485,2494,2526,2535
114	秘境任务	1269,540,541,825,826,827,828,830,938,939,940,941,2473,2775,2855
115	五人普通秘境传说	1994,1993,1793,1794,1795,1796,1797,1798,1799,1800,1782,1783,1784,1785,1786,1787,1788,1770,1771,1772,1773,1774,1775,1776,1777,1753,1754,1760,1761,1762,1763,1765,1843,1844,1845,1846,1847,1848,1937,1938,2000,2001,2002,2003,2004,832,833,834,835,542,1126,2730,2731,2732,2733,2734,2735,2748,2749,2750,2751,2752,2753,1910,1995,2432,1755,2723,2741
116	五人英雄秘境传说	1939,1944,1945,1946,1947,1948,1949,1950,1951,1970,1972,1973,1974,1975,1976,1956,1957,1958,1959,1960,1961,1962,1963,1964,1965,1926,1927,1933,1934,1935,1936,1981,1982,1983,1984,1985,1986,1167,1127,1128,1129,1163,1131,1132,1133,1134,1168,1169,2433,1909,1928
117	十人普通秘境传说	2055,2056,2057,2058,2059,2060,2061,2062,2063,2064,2065,2066,2022,2023,2024,2025,2026,2027,2028,2029,2030,2031,2032,2033,2034,2036,2037,2038,2039,2040,2041,2042,2043,2044,2045,2046,2047,1408,1409,1404,1405,1545,2683,2684,2685,2776,2777,2958,2959,2960,2961,2962,2963,2964,2965,2966,2968,2969,2970,2971,2972,2973,2067,2434
118	十人英雄秘境传说	2324,2323,2322,2320,2319,2318,2316,2314,2315,2068,1971,1555,1560,2359,2501,2502,2503,2504,2505,2506,2507,2509,2510,2511,2514,2515,2516,2517,2518,2519,2520,2521,2522,2523,2524,2525,2444,2425,2436
119	二十五人普通秘境传说	2069,1446,1445,1438,1437,2360,2361,2362,2363,2364,2365,2366,2367,2368,2369,2370,2398,2399,2400,2401,2402,2403,2404,2405,2406,2407,2408,2409,2410,2412,2413,2414,2415,2416,2417,2418,2419,2420,2421,2422,2423,1911,2435,2471
120	二十五人英雄秘境传说	2779,2688,2686,2687,2778,1441,1442,1450,1449,2070,2371,2372,2373,2374,2375,2376,2377,2378,2379,2380,2381,2542,2543,2544,2545,2546,2547,2548,2550,2551,2552,2554,2555,2556,2557,2558,2559,2560,2561,2562,2563,2564,2565,2982,2983,2984,2985,2986,2987,2988,2989,2990,2992,2993,2994,2995,2996,2997,143,2438
121	帮会贡献	1699,1700,1701,1702,1703,1704,1705,1706,1707,543,544,545
122	帮会基础	2618,1681,1693,836,837,838,839,546,547,548,2896,2897,2898,1682
123	帮会钓鱼	1583,1585,1586,1587,1643,1644,1645,1669,1675,1588,1595,1603,1616
124	帮会菜园	1636,1637,1642,2623,1584,1621,1622,1638,1678,2619,2624
125	帮会食堂	1646,1647,1648,1658,1659,1660,1650,1661,1649
126	阵营威望	840,841,549,550,551
127	阵营击杀	552,553,554,555,556,557,558,559,560
128	浩气盟首领	561,842,843,844,845,846,847
129	恶人谷首领	562,848,850,853,854,855,1093
130	战阶称号	1456,1459,1462,1465,1468,1471,1474,1477,1480,1483,1486,1489,1492,1495
131	食品突破	584,859,858,857,856
132	锻造突破	
133	缝纫突破	
134	医术突破	581,950,951,952,953
135	阅读突破	861,954,955,956,957
136	清明节	1736,1737,1738,1739,1740,1727
137	端午节	1381,1390,1391,1392,1369,1376,1386,2465
138	七夕	1394,1412,2588,2589,2590,2591,2592,2593,2594,2595
139	中秋节	1434,1435,598,599,600,596,595,601,1060,1061,1062,2629,2630,2650,2651,2652,2653,2654,597,2605,2610,2631,2644
140	冬至节	1539,1199,1200,1201,1202,1203,2887,2888,1516,1171,1180,1186
141	元旦	2889,2890,2895,2891
142	春节	1571,1572,1573,1574,1243,1245,1252,1253,2899,2900,2901,1561,1248,1254,1244
143	美人图	2656,2657,2659,2661,2912
144	隐元追缉令	2699,2700,2701,2702,2703,2704
145	茶馆任务	2816,2817,2833,2834,2835,2804,2810,2818,2836,2842
146	美人图潜入	2802,2803,2782,2794,2795,2796,2797,2798,2799,2783
147	昆仑南屏之役	2872,2873,2874,2875,2876,2877,2878,2879,2880,2881,2882
148	游历瞿塘采仙草	496,492,164,163,162,161,160,159,158,157,156,148,3006
149	重归师门	147,146,138,142,140,3007
150	第一幕	3008
151	第二幕	3009,3023,3010
152	第三幕	3024,3025,3026,3027,3028,3029,3030,3031
153	第四幕	3011
154	第五幕	3012
155	第六幕	3013
156	第七幕	3014
157	第八幕	3015,3034,3035,3036,3037,3038,3039,3040
158	第九幕	3032
159	第十幕	3033
160	第十一幕	3041,3042
161	第十二幕	3016,3043
162	第十三幕	3017
163	第十四幕	3018
164	第十五幕	3019
165	第十六幕	3020
166	第十七幕	3021
167	第十八幕	3044
168	第十九幕	3022
169	金钱	864,870,871,872,873
170	师徒	1105,1104,1106
171	气海丹田	634
172	打通奇穴	1424,865,875,876,877,878,880,881,882,883,884
173	技艺基础	889
176	任务基础	898,225,2852
177	行走江湖	867
178	行侠仗义	897
179	切磋比武	899
180	洛阳擂台	868,900
181	扬州擂台	902,901
182	云湖天池	906,905
183	神农洇	908,907
184	门派声望	696,623,624,625,626,627,2464,2761
185	城市声望	632,631,630
186	势力声望	622,910,911,912,913,914
187	阵营声望	629,628
188	普通秘境	1351,1849,1803,1804,1805,1806,1992,603,604,605,606,607,608,609,610,915,611,2716,2717
189	英雄秘境	1912,1913,1914,1915,1916,1433,621,620,619,618,617,616,615,614,916,917
190	团队秘境	2048,2424,1439,1410,1403,1556,1557,1558,1559,1454,1451,1443,1447,1546,2020,612,918,919,1279,1284,1285,1286,1287,1288,2446,2447,2448,2449,2450,2451,2452,2453,2454,2455,2456,2457,2458,2459,2461,2462,2463,2566,2567,2568,2569,2570,2571,2572,2574,2575,2576,2577,2578,2579,2580,2581,2582,2583,2585,2586,2587,2689,2690,2998,2999,3000,3001,3002,3003,3004
191	装备品质	885,886,887,888
192	阵营击杀	633,866,869
193	浩气盟首领	920
194	恶人谷首领	921
195	食品突破	184,700,1008,1009,1010
196	锻造突破	
197	缝纫突破	
198	医术突破	1021,1022,1023,1024,1025
199	阅读突破	1026,1027,1028,1029,1030
200	名士五十强	1088
201	老江湖五十强	1089
202	兵甲藏家五十强	1090
203	名师五十强	1164
204	阵营英雄五十强	1212
205	薪火相传五十强	3005
206	神兵宝甲五十强	1086
207	爱心帮会五十强	1217
208	阵营英雄五十强	1218
209	神兵宝甲五十强	1211
210	爱心帮会五十强	1210
211	阵营英雄五十强	1219
213	名剑大会2对2排名	2848
214	名剑大会3对3排名	2849
215	名剑大会5对5排名	2850
