level	school	skills
0	0
1	0	10005,10010
2	0	10,9003,10005,10010,10082
2	1	10082
2	2	10082
2	3	10082
2	4	10082
2	5	10082
2	6	10082
2	7	10082
2	8	10082
3	0	10,9003,10005,10010,10082
3	1	10082
3	2	10082
3	3	10082
3	4	10082
3	5	10082
3	6	10082
3	7	10082
3	8	10082
4	0	10,52,58,9003,10005,10010,10082,10095
4	1	10082
4	2	10082
4	3	10082
4	4	10082
4	5	10082
4	6	10082
4	7	10082
4	8	10082
5	0	10,52,58,9003,10005,10010,10082,10095
5	1	10082
5	2	10082
5	3	10082
5	4	10082
5	5	10082
5	6	10082
5	7	10082
5	8	10082
6	0	10,49,52,58,9003,10005,10010,10082,10095
6	1	10082
6	2	10082
6	3	10082
6	4	10082
6	5	10082
6	6	10082
6	7	10082
6	8	10082
7	0	10,49,52,58,9003,10005,10010,10082,10095
7	1	10082
7	2	10082
7	3	10082
7	4	10082
7	5	10082
7	6	10082
7	7	10082
7	8	10082
8	0	10,49,52,58,9003,10005,10010,10082,10095
8	1	10082
8	2	10082
8	3	10082
8	4	10082
8	5	10082
8	6	10082
8	7	10082
8	8	10082
9	0	10,49,52,58,9003,10005,10010,10082,10095
9	1	10082
9	2	10082
9	3	10082
9	4	10082
9	5	10082
9	6	10082
9	7	10082
9	8	10082
10	0	10,49,52,58,9003,10005,10010,10082,10095
10	1	10082
10	2	10082
10	3	10082
10	4	10082
10	5	10082
10	6	10082
10	7	10082
10	8	10082
11	0	10,49,52,58,9003,10005,10010,10082,10095
11	1	10082
11	2	10082
11	3	10082
11	4	10082
11	5	10082
11	6	10082
11	7	10082
11	8	10082
12	0	10,49,52,58,9003,10005,10010,10082,10095
12	1	10082
12	2	10082
12	3	10082
12	4	10082
12	5	10082
12	6	10082
12	7	10082
12	8	10082
13	0	10,49,52,58,9003,10005,10010,10082,10095
13	1	10082
13	2	10082
13	3	10082
13	4	10082
13	5	10082
13	6	10082
13	7	10082
13	8	10082
14	0	10,49,52,58,9003,10005,10010,10082,10095
14	1	10082
14	2	10082
14	3	10082
14	4	10082
14	5	10082
14	6	10082
14	7	10082
14	8	10082
15	0	10,49,52,58,9003,10005,10010,10082,10095
15	1	81,200,232,233,9002,10002,10003,10031,10034,10082,10125
15	2	81,179,180,9002,10021,10028,10082,10088,10089,10125
15	3	81,400,401,415,9002,10017,10026,10062,10082,10125
15	4	81,300,301,364,365,367,9002,10009,10011,10012,10014,10015,10082,10125
15	5	81,537,553,562,9002,10068,10070,10080,10081,10082,10125
15	6	81,2209,2214,2223,2232,9002,10082,10125,10171,10172,10173,10174,10175,10176
15	7	81,3087,3095,3105,9002,10082,10125,10216,10218,10219,10220,10224,10225
15	8	81,1579,1610,1656,9002,10082,10125,10144,10145,10146,10148,10149,10150
16	0	10,49,52,58,9003,10005,10010,10082,10095
16	1	81,200,232,233,9002,10002,10003,10031,10034,10082,10125
16	2	81,179,180,9002,10021,10028,10082,10088,10089,10125
16	3	81,400,401,415,9002,10017,10026,10062,10082,10125
16	4	81,300,301,364,365,367,9002,10009,10011,10012,10014,10015,10082,10125
16	5	81,537,553,562,9002,10068,10070,10080,10081,10082,10125
16	6	81,2209,2214,2223,2232,9002,10082,10125,10171,10172,10173,10174,10175,10176
16	7	81,3087,3095,3105,9002,10082,10125,10216,10218,10219,10220,10224,10225
16	8	81,1579,1610,1656,9002,10082,10125,10144,10145,10146,10148,10149,10150
17	0	10,49,52,58,9003,10005,10010,10082,10095
17	1	81,200,232,233,9002,10002,10003,10031,10034,10082,10125
17	2	81,179,180,9002,10021,10028,10082,10088,10089,10125
17	3	81,400,401,415,9002,10017,10026,10062,10082,10125
17	4	81,300,301,364,365,367,9002,10009,10011,10012,10014,10015,10082,10125
17	5	81,537,553,562,9002,10068,10070,10080,10081,10082,10125
17	6	81,2209,2214,2223,2232,9002,10082,10125,10171,10172,10173,10174,10175,10176
17	7	81,3087,3095,3105,9002,10082,10125,10216,10218,10219,10220,10224,10225
17	8	81,1579,1610,1656,9002,10082,10125,10144,10145,10146,10148,10149,10150
18	0	10,49,52,58,9003,10005,10010,10082,10095
18	1	81,200,232,233,238,9002,10002,10003,10031,10032,10034,10082,10125
18	2	81,137,179,180,182,9002,10018,10019,10021,10028,10082,10088,10089,10125
18	3	81,400,401,403,415,9002,10017,10026,10062,10082,10125
18	4	81,300,301,312,314,364,365,367,9002,10000,10009,10011,10012,10014,10015,10082,10125
18	5	81,537,553,554,561,562,565,569,9002,10068,10069,10070,10080,10081,10082,10125
18	6	81,2209,2211,2214,2223,2232,9002,10082,10125,10171,10172,10173,10174,10175,10176
18	7	81,3087,3095,3096,3105,3108,3115,9002,10082,10125,10216,10218,10219,10220,10224,10225
18	8	81,1579,1600,1610,1646,1656,1664,9002,10082,10125,10144,10145,10146,10148,10149,10150
19	0	10,49,52,58,9003,10005,10010,10082,10095
19	1	81,200,232,233,238,9002,10002,10003,10031,10032,10034,10082,10125
19	2	81,137,179,180,182,9002,10018,10019,10021,10028,10082,10088,10089,10125
19	3	81,400,401,403,415,9002,10017,10026,10062,10082,10125
19	4	81,300,301,312,314,364,365,367,9002,10000,10009,10011,10012,10014,10015,10082,10125
19	5	81,537,553,554,561,562,565,569,9002,10068,10069,10070,10080,10081,10082,10125
19	6	81,2209,2211,2214,2223,2232,9002,10082,10125,10171,10172,10173,10174,10175,10176
19	7	81,3087,3095,3096,3105,3108,3115,9002,10082,10125,10216,10218,10219,10220,10224,10225
19	8	81,1579,1600,1610,1646,1656,1664,9002,10082,10125,10144,10145,10146,10148,10149,10150
20	0	10,49,52,58,81,605,9003,10005,10010,10082,10095
20	1	81,200,232,233,235,238,241,605,740,745,9002,10002,10003,10031,10032,10033,10034,10035,10082,10100,10125
20	2	81,101,130,137,179,180,182,230,605,1020,9002,10018,10019,10021,10028,10036,10082,10088,10089,10102,10125
20	3	81,400,401,403,415,427,428,605,662,754,9002,10017,10026,10061,10062,10076,10082,10101,10125
20	4	81,300,301,306,311,312,314,347,364,365,367,605,778,9002,10000,10009,10011,10012,10014,10015,10077,10082,10103,10125
20	5	81,526,537,545,553,554,561,562,565,569,605,781,9002,10068,10069,10070,10072,10078,10080,10081,10082,10104,10125
20	6	81,605,2209,2211,2212,2214,2223,2232,2233,2481,2487,9002,10082,10125,10171,10172,10173,10174,10175,10176,10193,10194
20	7	81,605,3087,3088,3095,3096,3105,3108,3115,3216,3217,9002,10082,10125,10216,10218,10219,10220,10224,10225,10226,10227
20	8	81,605,1577,1579,1593,1600,1610,1646,1656,1664,1665,1866,9002,10082,10125,10144,10145,10146,10148,10149,10150,10161
21	0	10,49,52,58,81,605,9003,10005,10010,10082,10095
21	1	81,200,232,233,235,238,241,605,740,745,9002,10002,10003,10031,10032,10033,10034,10035,10082,10100,10125
21	2	81,101,130,137,179,180,182,230,605,1020,9002,10018,10019,10021,10028,10036,10082,10088,10089,10102,10125
21	3	81,400,401,403,415,427,428,605,662,754,9002,10017,10026,10061,10062,10076,10082,10101,10125
21	4	81,300,301,306,311,312,314,347,364,365,367,605,778,9002,10000,10009,10011,10012,10014,10015,10077,10082,10103,10125
21	5	81,526,537,545,553,554,561,562,565,569,605,781,9002,10068,10069,10070,10072,10078,10080,10081,10082,10104,10125
21	6	81,605,2209,2211,2212,2214,2223,2232,2233,2481,2487,9002,10082,10125,10171,10172,10173,10174,10175,10176,10193,10194
21	7	81,605,3087,3088,3095,3096,3105,3108,3115,3216,3217,9002,10082,10125,10216,10218,10219,10220,10224,10225,10226,10227
21	8	81,605,1577,1579,1593,1600,1610,1646,1656,1664,1665,1866,9002,10082,10125,10144,10145,10146,10148,10149,10150,10161
22	0	10,49,52,58,81,605,9003,10005,10010,10082,10095
22	1	81,200,232,233,235,238,241,245,246,605,740,745,9002,10002,10003,10031,10032,10033,10034,10035,10082,10100,10125
22	2	81,101,130,132,137,139,179,180,182,230,605,1020,9002,10018,10019,10021,10028,10036,10082,10088,10089,10102,10125
22	3	81,400,401,403,404,415,427,428,605,662,754,9002,10017,10023,10026,10061,10062,10076,10082,10101,10125
22	4	81,300,301,306,311,312,314,347,360,362,364,365,367,605,778,9002,10000,10009,10011,10012,10014,10015,10077,10082,10103,10125
22	5	81,526,537,545,550,553,554,561,562,565,569,605,781,9002,10068,10069,10070,10072,10078,10080,10081,10082,10104,10125
22	6	81,605,2209,2211,2212,2214,2215,2223,2232,2233,2481,2487,9002,10082,10125,10171,10172,10173,10174,10175,10176,10193,10194
22	7	81,605,3087,3088,3095,3096,3097,3105,3106,3108,3115,3216,3217,9002,10082,10125,10216,10218,10219,10220,10224,10225,10226,10227
22	8	81,605,1577,1579,1593,1600,1610,1646,1651,1656,1664,1665,1668,1866,9002,10082,10125,10144,10145,10146,10148,10149,10150,10161
23	0	10,49,52,58,81,605,9003,10005,10010,10082,10095
23	1	81,200,232,233,235,238,241,245,246,605,740,745,9002,10002,10003,10031,10032,10033,10034,10035,10082,10100,10125
23	2	81,101,130,132,137,139,179,180,182,230,605,1020,9002,10018,10019,10021,10028,10036,10082,10088,10089,10102,10125
23	3	81,400,401,403,404,415,427,428,605,662,754,9002,10017,10023,10026,10061,10062,10076,10082,10101,10125
23	4	81,300,301,306,311,312,314,347,360,362,364,365,367,605,778,9002,10000,10009,10011,10012,10014,10015,10077,10082,10103,10125
23	5	81,526,537,545,550,553,554,561,562,565,569,605,781,9002,10068,10069,10070,10072,10078,10080,10081,10082,10104,10125
23	6	81,605,2209,2211,2212,2214,2215,2223,2232,2233,2481,2487,9002,10082,10125,10171,10172,10173,10174,10175,10176,10193,10194
23	7	81,605,3087,3088,3095,3096,3097,3105,3106,3108,3115,3216,3217,9002,10082,10125,10216,10218,10219,10220,10224,10225,10226,10227
23	8	81,605,1577,1579,1593,1600,1610,1646,1651,1656,1664,1665,1668,1866,9002,10082,10125,10144,10145,10146,10148,10149,10150,10161
24	0	10,49,52,58,81,605,9003,9005,9006,10005,10010,10082,10095
24	1	81,200,232,233,234,235,238,241,245,246,258,605,740,745,9002,10002,10003,10031,10032,10033,10034,10035,10082,10100,10125
24	2	81,101,130,132,137,138,139,179,180,181,182,230,605,1020,9002,10018,10019,10021,10028,10036,10082,10088,10089,10102,10125
24	3	81,400,401,402,403,404,415,427,428,442,605,662,754,9002,10017,10023,10024,10026,10061,10062,10076,10082,10101,10125
24	4	81,300,301,303,306,311,312,314,347,360,362,364,365,367,588,605,778,9002,10000,10009,10011,10012,10014,10015,10077,10082,10103,10125
24	5	81,526,537,545,546,550,553,554,561,562,565,569,605,781,3003,9002,10068,10069,10070,10072,10078,10080,10081,10082,10104,10125
24	6	81,605,2209,2211,2212,2214,2215,2223,2224,2232,2233,2481,2487,9002,10082,10125,10171,10172,10173,10174,10175,10176,10193,10194
24	7	81,605,3087,3088,3093,3095,3096,3097,3105,3106,3108,3115,3216,3217,9002,10082,10125,10216,10218,10219,10220,10224,10225,10226,10227
24	8	81,605,1577,1579,1593,1600,1610,1646,1651,1656,1664,1665,1666,1668,1866,9002,10082,10125,10144,10145,10146,10148,10149,10150,10161
25	0	10,49,52,58,81,605,9003,9005,9006,10005,10010,10082,10095
25	1	81,200,232,233,234,235,238,241,245,246,258,605,740,745,9002,10002,10003,10031,10032,10033,10034,10035,10082,10100,10125
25	2	81,101,130,132,137,138,139,179,180,181,182,230,605,1020,9002,10018,10019,10021,10028,10036,10082,10088,10089,10102,10125
25	3	81,400,401,402,403,404,415,427,428,442,605,662,754,9002,10017,10023,10024,10026,10061,10062,10076,10082,10101,10125
25	4	81,300,301,303,306,311,312,314,347,360,362,364,365,367,588,605,778,9002,10000,10009,10011,10012,10014,10015,10077,10082,10103,10125
25	5	81,526,537,545,546,550,553,554,561,562,565,569,605,781,3003,9002,10068,10069,10070,10072,10078,10080,10081,10082,10104,10125
25	6	81,605,2209,2211,2212,2214,2215,2223,2224,2232,2233,2481,2487,9002,10082,10125,10171,10172,10173,10174,10175,10176,10193,10194
25	7	81,605,3087,3088,3093,3095,3096,3097,3105,3106,3108,3115,3216,3217,9002,10082,10125,10216,10218,10219,10220,10224,10225,10226,10227
25	8	81,605,1577,1579,1593,1600,1610,1646,1651,1656,1664,1665,1666,1668,1866,9002,10082,10125,10144,10145,10146,10148,10149,10150,10161
26	0	10,49,52,58,81,605,9003,9005,9006,10005,10010,10082,10095
26	1	81,200,232,233,234,235,238,241,242,245,246,255,258,605,740,745,9002,10002,10003,10031,10032,10033,10034,10035,10082,10100,10125
26	2	81,101,130,132,137,138,139,179,180,181,182,189,230,605,1020,9002,10018,10019,10021,10028,10036,10082,10088,10089,10102,10125
26	3	81,400,401,402,403,404,411,415,427,428,442,605,662,754,9002,10017,10023,10024,10026,10061,10062,10076,10082,10101,10125
26	4	81,300,301,303,306,311,312,314,347,360,362,364,365,367,369,588,605,778,9002,10000,10009,10011,10012,10014,10015,10077,10082,10103,10125
26	5	81,526,537,545,546,548,550,553,554,558,561,562,565,569,605,781,3003,9002,10068,10069,10070,10072,10078,10080,10081,10082,10104,10125
26	6	81,605,2209,2211,2212,2214,2215,2217,2220,2223,2224,2232,2233,2481,2487,9002,10082,10125,10171,10172,10173,10174,10175,10176,10193,10194
26	7	81,605,3087,3088,3089,3093,3095,3096,3097,3105,3106,3108,3115,3216,3217,9002,10082,10125,10216,10218,10219,10220,10224,10225,10226,10227
26	8	81,605,1577,1578,1579,1581,1593,1600,1610,1646,1651,1656,1664,1665,1666,1668,1866,9002,10082,10125,10144,10145,10146,10148,10149,10150,10161
27	0	10,49,52,58,81,605,9003,9005,9006,10005,10010,10082,10095
27	1	81,200,232,233,234,235,238,241,242,245,246,255,258,605,740,745,9002,10002,10003,10031,10032,10033,10034,10035,10082,10100,10125
27	2	81,101,130,132,137,138,139,179,180,181,182,189,230,605,1020,9002,10018,10019,10021,10028,10036,10082,10088,10089,10102,10125
27	3	81,400,401,402,403,404,411,415,427,428,442,605,662,754,9002,10017,10023,10024,10026,10061,10062,10076,10082,10101,10125
27	4	81,300,301,303,306,311,312,314,347,360,362,364,365,367,369,588,605,778,9002,10000,10009,10011,10012,10014,10015,10077,10082,10103,10125
27	5	81,526,537,545,546,548,550,553,554,558,561,562,565,569,605,781,3003,9002,10068,10069,10070,10072,10078,10080,10081,10082,10104,10125
27	6	81,605,2209,2211,2212,2214,2215,2217,2220,2223,2224,2232,2233,2481,2487,9002,10082,10125,10171,10172,10173,10174,10175,10176,10193,10194
27	7	81,605,3087,3088,3089,3093,3095,3096,3097,3105,3106,3108,3115,3216,3217,9002,10082,10125,10216,10218,10219,10220,10224,10225,10226,10227
27	8	81,605,1577,1578,1579,1581,1593,1600,1610,1646,1651,1656,1664,1665,1666,1668,1866,9002,10082,10125,10144,10145,10146,10148,10149,10150,10161
28	0	10,49,52,58,81,605,9003,9005,9006,10005,10010,10082,10095
28	1	81,200,232,233,234,235,238,241,242,245,246,247,255,258,605,740,745,9002,10002,10003,10031,10032,10033,10034,10035,10082,10100,10125
28	2	81,101,130,132,137,138,139,142,179,180,181,182,189,230,605,1020,9002,10018,10019,10021,10028,10036,10082,10088,10089,10102,10125
28	3	81,400,401,402,403,404,405,411,415,427,428,442,605,662,754,9002,10017,10023,10024,10026,10061,10062,10076,10082,10101,10125
28	4	81,300,301,303,306,311,312,314,347,359,360,361,362,364,365,367,369,588,605,778,9002,10000,10009,10011,10012,10014,10015,10077,10082,10103,10125
28	5	81,526,537,545,546,548,549,550,553,554,555,558,561,562,565,569,571,605,781,3003,9002,10068,10069,10070,10072,10078,10080,10081,10082,10104,10125
28	6	81,605,2209,2211,2212,2214,2215,2217,2220,2221,2223,2224,2230,2232,2233,2481,2487,9002,10082,10125,10171,10172,10173,10174,10175,10176,10193,10194
28	7	81,605,3087,3088,3089,3093,3095,3096,3097,3098,3105,3106,3108,3109,3115,3216,3217,9002,10082,10125,10216,10218,10219,10220,10224,10225,10226,10227
28	8	81,605,1577,1578,1579,1581,1593,1600,1610,1646,1647,1651,1656,1663,1664,1665,1666,1668,1866,9002,10082,10125,10144,10145,10146,10148,10149,10150,10161
29	0	10,49,52,58,81,605,9003,9005,9006,10005,10010,10082,10095
29	1	81,200,232,233,234,235,238,241,242,245,246,247,255,258,605,740,745,9002,10002,10003,10031,10032,10033,10034,10035,10082,10100,10125
29	2	81,101,130,132,137,138,139,142,179,180,181,182,189,230,605,1020,9002,10018,10019,10021,10028,10036,10082,10088,10089,10102,10125
29	3	81,400,401,402,403,404,405,411,415,427,428,442,605,662,754,9002,10017,10023,10024,10026,10061,10062,10076,10082,10101,10125
29	4	81,300,301,303,306,311,312,314,347,359,360,361,362,364,365,367,369,588,605,778,9002,10000,10009,10011,10012,10014,10015,10077,10082,10103,10125
29	5	81,526,537,545,546,548,549,550,553,554,555,558,561,562,565,569,571,605,781,3003,9002,10068,10069,10070,10072,10078,10080,10081,10082,10104,10125
29	6	81,605,2209,2211,2212,2214,2215,2217,2220,2221,2223,2224,2230,2232,2233,2481,2487,9002,10082,10125,10171,10172,10173,10174,10175,10176,10193,10194
29	7	81,605,3087,3088,3089,3093,3095,3096,3097,3098,3105,3106,3108,3109,3115,3216,3217,9002,10082,10125,10216,10218,10219,10220,10224,10225,10226,10227
29	8	81,605,1577,1578,1579,1581,1593,1600,1610,1646,1647,1651,1656,1663,1664,1665,1666,1668,1866,9002,10082,10125,10144,10145,10146,10148,10149,10150,10161
30	0	10,49,52,58,81,605,9003,9005,9006,10005,10010,10082,10095
30	1	81,200,232,233,234,235,238,241,242,243,245,246,247,255,258,498,605,740,745,9002,10002,10003,10031,10032,10033,10034,10035,10082,10100,10125
30	2	81,101,130,132,137,138,139,142,179,180,181,182,189,190,228,230,605,1020,9002,10018,10019,10021,10028,10036,10082,10088,10089,10102,10125
30	3	81,400,401,402,403,404,405,411,415,418,424,427,428,442,605,662,754,9002,10017,10023,10024,10026,10061,10062,10076,10082,10101,10125
30	4	81,300,301,303,305,306,309,311,312,314,346,347,359,360,361,362,364,365,367,369,588,605,778,9002,10000,10009,10011,10012,10014,10015,10077,10082,10103,10125
30	5	81,526,537,544,545,546,548,549,550,553,554,555,558,561,562,565,569,571,575,605,781,3003,9002,10068,10069,10070,10072,10078,10080,10081,10082,10104,10125
30	6	81,605,2209,2210,2211,2212,2214,2215,2217,2220,2221,2223,2224,2230,2232,2233,2481,2487,9002,10082,10125,10171,10172,10173,10174,10175,10176,10193,10194
30	7	81,605,3087,3088,3089,3093,3095,3096,3097,3098,3105,3106,3108,3109,3113,3115,3216,3217,9002,10082,10125,10216,10218,10219,10220,10224,10225,10226,10227
30	8	81,605,1577,1578,1579,1581,1593,1600,1610,1613,1646,1647,1651,1656,1663,1664,1665,1666,1668,1866,9002,10082,10125,10144,10145,10146,10148,10149,10150,10161
31	0	10,49,52,58,81,605,9003,9005,9006,10005,10010,10082,10095
31	1	81,200,232,233,234,235,238,241,242,243,245,246,247,255,258,498,605,740,745,9002,10002,10003,10031,10032,10033,10034,10035,10082,10100,10125
31	2	81,101,130,132,137,138,139,142,179,180,181,182,189,190,228,230,605,1020,9002,10018,10019,10021,10028,10036,10082,10088,10089,10102,10125
31	3	81,400,401,402,403,404,405,411,415,418,424,427,428,442,605,662,754,9002,10017,10023,10024,10026,10061,10062,10076,10082,10101,10125
31	4	81,300,301,303,305,306,309,311,312,314,346,347,359,360,361,362,364,365,367,369,588,605,778,9002,10000,10009,10011,10012,10014,10015,10077,10082,10103,10125
31	5	81,526,537,544,545,546,548,549,550,553,554,555,558,561,562,565,569,571,575,605,781,3003,9002,10068,10069,10070,10072,10078,10080,10081,10082,10104,10125
31	6	81,605,2209,2210,2211,2212,2214,2215,2217,2220,2221,2223,2224,2230,2232,2233,2481,2487,9002,10082,10125,10171,10172,10173,10174,10175,10176,10193,10194
31	7	81,605,3087,3088,3089,3093,3095,3096,3097,3098,3105,3106,3108,3109,3113,3115,3216,3217,9002,10082,10125,10216,10218,10219,10220,10224,10225,10226,10227
31	8	81,605,1577,1578,1579,1581,1593,1600,1610,1613,1646,1647,1651,1656,1663,1664,1665,1666,1668,1866,9002,10082,10125,10144,10145,10146,10148,10149,10150,10161
32	0	10,49,52,58,81,605,9003,9005,9006,10005,10010,10082,10095
32	1	81,200,232,233,234,235,238,241,242,243,245,246,247,248,251,255,258,498,605,740,745,9002,10002,10003,10031,10032,10033,10034,10035,10082,10100,10125
32	2	81,101,130,132,137,138,139,141,142,179,180,181,182,189,190,228,230,605,1020,9002,10018,10019,10021,10028,10036,10082,10088,10089,10102,10125
32	3	81,400,401,402,403,404,405,411,415,418,422,424,427,428,442,605,662,754,9002,10017,10023,10024,10026,10061,10062,10076,10082,10101,10125
32	4	81,300,301,303,305,306,309,311,312,314,346,347,355,359,360,361,362,364,365,367,369,588,605,778,9002,10000,10009,10011,10012,10014,10015,10077,10082,10103,10125
32	5	81,526,537,544,545,546,548,549,550,551,553,554,555,558,561,562,565,569,571,575,605,781,3003,9002,10068,10069,10070,10072,10078,10080,10081,10082,10104,10125
32	6	81,605,2209,2210,2211,2212,2214,2215,2216,2217,2220,2221,2223,2224,2229,2230,2232,2233,2481,2487,9002,10082,10125,10171,10172,10173,10174,10175,10176,10193,10194
32	7	81,605,3087,3088,3089,3091,3093,3095,3096,3097,3098,3105,3106,3108,3109,3113,3115,3216,3217,9002,10082,10125,10216,10218,10219,10220,10224,10225,10226,10227
32	8	81,605,1577,1578,1579,1581,1589,1593,1600,1610,1613,1646,1647,1651,1656,1663,1664,1665,1666,1668,1866,9002,10082,10125,10144,10145,10146,10148,10149,10150,10161
33	0	10,49,52,58,81,605,9003,9005,9006,10005,10010,10082,10095
33	1	81,200,232,233,234,235,238,241,242,243,245,246,247,248,251,255,258,498,605,740,745,9002,10002,10003,10031,10032,10033,10034,10035,10082,10100,10125
33	2	81,101,130,132,137,138,139,141,142,179,180,181,182,189,190,228,230,605,1020,9002,10018,10019,10021,10028,10036,10082,10088,10089,10102,10125
33	3	81,400,401,402,403,404,405,411,415,418,422,424,427,428,442,605,662,754,9002,10017,10023,10024,10026,10061,10062,10076,10082,10101,10125
33	4	81,300,301,303,305,306,309,311,312,314,346,347,355,359,360,361,362,364,365,367,369,588,605,778,9002,10000,10009,10011,10012,10014,10015,10077,10082,10103,10125
33	5	81,526,537,544,545,546,548,549,550,551,553,554,555,558,561,562,565,569,571,575,605,781,3003,9002,10068,10069,10070,10072,10078,10080,10081,10082,10104,10125
33	6	81,605,2209,2210,2211,2212,2214,2215,2216,2217,2220,2221,2223,2224,2229,2230,2232,2233,2481,2487,9002,10082,10125,10171,10172,10173,10174,10175,10176,10193,10194
33	7	81,605,3087,3088,3089,3091,3093,3095,3096,3097,3098,3105,3106,3108,3109,3113,3115,3216,3217,9002,10082,10125,10216,10218,10219,10220,10224,10225,10226,10227
33	8	81,605,1577,1578,1579,1581,1589,1593,1600,1610,1613,1646,1647,1651,1656,1663,1664,1665,1666,1668,1866,9002,10082,10125,10144,10145,10146,10148,10149,10150,10161
34	0	10,49,52,58,81,605,9003,9005,9006,10005,10010,10082,10095
34	1	81,200,232,233,234,235,238,240,241,242,243,245,246,247,248,251,255,258,259,498,605,740,745,9002,10002,10003,10031,10032,10033,10034,10035,10082,10100,10125
34	2	81,101,130,132,137,138,139,141,142,179,180,181,182,183,189,190,228,230,605,1020,9002,10018,10019,10021,10028,10036,10082,10088,10089,10102,10125
34	3	81,400,401,402,403,404,405,411,415,418,422,424,427,428,442,482,605,662,754,9002,10017,10023,10024,10026,10061,10062,10076,10082,10101,10125
34	4	81,300,301,303,305,306,309,310,311,312,314,346,347,355,359,360,361,362,364,365,367,369,370,588,605,778,9002,10000,10009,10011,10012,10014,10015,10077,10082,10103,10125
34	5	81,526,537,544,545,546,547,548,549,550,551,553,554,555,558,561,562,565,569,571,575,605,781,3003,9002,10068,10069,10070,10072,10078,10080,10081,10082,10104,10125
34	6	81,605,2209,2210,2211,2212,2214,2215,2216,2217,2220,2221,2223,2224,2229,2230,2231,2232,2233,2481,2487,9002,10082,10125,10171,10172,10173,10174,10175,10176,10193,10194
34	7	81,605,3087,3088,3089,3091,3092,3093,3095,3096,3097,3098,3105,3106,3108,3109,3112,3113,3115,3216,3217,9002,10082,10125,10216,10218,10219,10220,10224,10225,10226,10227
34	8	81,605,1577,1578,1579,1581,1589,1593,1600,1610,1613,1646,1647,1649,1651,1656,1663,1664,1665,1666,1668,1866,9002,10082,10125,10144,10145,10146,10148,10149,10150,10161
35	0	10,49,52,58,81,605,9003,9005,9006,10005,10010,10082,10095
35	1	81,200,232,233,234,235,238,240,241,242,243,245,246,247,248,251,255,258,259,498,605,740,745,9002,10002,10003,10031,10032,10033,10034,10035,10082,10100,10125
35	2	81,101,130,132,137,138,139,141,142,179,180,181,182,183,189,190,228,230,605,1020,9002,10018,10019,10021,10028,10036,10082,10088,10089,10102,10125
35	3	81,400,401,402,403,404,405,411,415,418,422,424,427,428,442,482,605,662,754,9002,10017,10023,10024,10026,10061,10062,10076,10082,10101,10125
35	4	81,300,301,303,305,306,309,310,311,312,314,346,347,355,359,360,361,362,364,365,367,369,370,588,605,778,9002,10000,10009,10011,10012,10014,10015,10077,10082,10103,10125
35	5	81,526,537,544,545,546,547,548,549,550,551,553,554,555,558,561,562,565,569,571,575,605,781,3003,9002,10068,10069,10070,10072,10078,10080,10081,10082,10104,10125
35	6	81,605,2209,2210,2211,2212,2214,2215,2216,2217,2220,2221,2223,2224,2229,2230,2231,2232,2233,2481,2487,9002,10082,10125,10171,10172,10173,10174,10175,10176,10193,10194
35	7	81,605,3087,3088,3089,3091,3092,3093,3095,3096,3097,3098,3105,3106,3108,3109,3112,3113,3115,3216,3217,9002,10082,10125,10216,10218,10219,10220,10224,10225,10226,10227
35	8	81,605,1577,1578,1579,1581,1589,1593,1600,1610,1613,1646,1647,1649,1651,1656,1663,1664,1665,1666,1668,1866,9002,10082,10125,10144,10145,10146,10148,10149,10150,10161
36	0	10,49,52,58,81,605,9003,9005,9006,10005,10010,10082,10095
36	1	81,200,232,233,234,235,236,238,240,241,242,243,245,246,247,248,251,255,258,259,498,605,740,745,9002,10002,10003,10031,10032,10033,10034,10035,10082,10100,10125
36	2	81,101,130,132,137,138,139,141,142,179,180,181,182,183,186,189,190,228,230,605,1020,9002,10018,10019,10021,10028,10036,10082,10088,10089,10102,10125
36	3	81,400,401,402,403,404,405,411,415,418,422,424,426,427,428,442,482,605,662,754,9002,10017,10023,10024,10026,10061,10062,10076,10082,10101,10125
36	4	81,300,301,303,305,306,309,310,311,312,314,346,347,355,358,359,360,361,362,364,365,367,369,370,588,605,778,9002,10000,10009,10011,10012,10014,10015,10077,10082,10103,10125
36	5	81,526,537,544,545,546,547,548,549,550,551,553,554,555,558,561,562,565,569,571,573,575,605,781,3003,9002,10068,10069,10070,10072,10078,10080,10081,10082,10104,10125
36	6	81,605,2209,2210,2211,2212,2213,2214,2215,2216,2217,2220,2221,2223,2224,2229,2230,2231,2232,2233,2481,2487,9002,10082,10125,10171,10172,10173,10174,10175,10176,10193,10194
36	7	81,605,3087,3088,3089,3091,3092,3093,3094,3095,3096,3097,3098,3105,3106,3108,3109,3112,3113,3115,3216,3217,9002,10082,10125,10216,10218,10219,10220,10224,10225,10226,10227
36	8	81,605,1577,1578,1579,1581,1589,1593,1600,1610,1613,1646,1647,1649,1651,1656,1663,1664,1665,1666,1668,1866,9002,10082,10125,10144,10145,10146,10148,10149,10150,10161
37	0	10,49,52,58,81,605,9003,9005,9006,10005,10010,10082,10095
37	1	81,200,232,233,234,235,236,238,240,241,242,243,245,246,247,248,251,255,258,259,498,605,740,745,9002,10002,10003,10031,10032,10033,10034,10035,10082,10100,10125
37	2	81,101,130,132,137,138,139,141,142,179,180,181,182,183,186,189,190,228,230,605,1020,9002,10018,10019,10021,10028,10036,10082,10088,10089,10102,10125
37	3	81,400,401,402,403,404,405,411,415,418,422,424,426,427,428,442,482,605,662,754,9002,10017,10023,10024,10026,10061,10062,10076,10082,10101,10125
37	4	81,300,301,303,305,306,309,310,311,312,314,346,347,355,358,359,360,361,362,364,365,367,369,370,588,605,778,9002,10000,10009,10011,10012,10014,10015,10077,10082,10103,10125
37	5	81,526,537,544,545,546,547,548,549,550,551,553,554,555,558,561,562,565,569,571,573,575,605,781,3003,9002,10068,10069,10070,10072,10078,10080,10081,10082,10104,10125
37	6	81,605,2209,2210,2211,2212,2213,2214,2215,2216,2217,2220,2221,2223,2224,2229,2230,2231,2232,2233,2481,2487,9002,10082,10125,10171,10172,10173,10174,10175,10176,10193,10194
37	7	81,605,3087,3088,3089,3091,3092,3093,3094,3095,3096,3097,3098,3105,3106,3108,3109,3112,3113,3115,3216,3217,9002,10082,10125,10216,10218,10219,10220,10224,10225,10226,10227
37	8	81,605,1577,1578,1579,1581,1589,1593,1600,1610,1613,1646,1647,1649,1651,1656,1663,1664,1665,1666,1668,1866,9002,10082,10125,10144,10145,10146,10148,10149,10150,10161
38	0	10,49,52,58,81,605,9003,9005,9006,10005,10010,10082,10095
38	1	81,200,232,233,234,235,236,238,239,240,241,242,243,245,246,247,248,251,254,255,258,259,498,605,740,745,9002,10002,10003,10031,10032,10033,10034,10035,10082,10100,10125
38	2	81,101,130,132,133,137,138,139,140,141,142,179,180,181,182,183,186,189,190,228,230,605,1020,9002,10018,10019,10021,10028,10036,10082,10088,10089,10102,10125
38	3	81,400,401,402,403,404,405,411,415,418,422,424,426,427,428,441,442,482,605,662,754,9002,10017,10023,10024,10026,10061,10062,10076,10082,10101,10125
38	4	81,300,301,303,305,306,309,310,311,312,314,346,347,355,356,358,359,360,361,362,363,364,365,367,369,370,588,605,778,9002,10000,10009,10011,10012,10014,10015,10077,10082,10103,10125
38	5	81,526,537,544,545,546,547,548,549,550,551,553,554,555,558,559,561,562,564,565,568,569,571,573,575,605,781,3003,9002,10068,10069,10070,10072,10078,10080,10081,10082,10104,10125
38	6	81,605,2209,2210,2211,2212,2213,2214,2215,2216,2217,2220,2221,2223,2224,2226,2229,2230,2231,2232,2233,2481,2487,9002,10082,10125,10171,10172,10173,10174,10175,10176,10193,10194
38	7	81,605,3087,3088,3089,3091,3092,3093,3094,3095,3096,3097,3098,3099,3105,3106,3107,3108,3109,3112,3113,3115,3216,3217,9002,10082,10125,10216,10218,10219,10220,10224,10225,10226,10227
38	8	81,605,1577,1578,1579,1581,1589,1593,1596,1600,1610,1613,1646,1647,1649,1651,1656,1663,1664,1665,1666,1668,1866,9002,10082,10125,10144,10145,10146,10148,10149,10150,10161
39	0	10,49,52,58,81,605,9003,9005,9006,10005,10010,10082,10095
39	1	81,200,232,233,234,235,236,238,239,240,241,242,243,245,246,247,248,251,254,255,258,259,498,605,740,745,9002,10002,10003,10031,10032,10033,10034,10035,10082,10100,10125
39	2	81,101,130,132,133,137,138,139,140,141,142,179,180,181,182,183,186,189,190,228,230,605,1020,9002,10018,10019,10021,10028,10036,10082,10088,10089,10102,10125
39	3	81,400,401,402,403,404,405,411,415,418,422,424,426,427,428,441,442,482,605,662,754,9002,10017,10023,10024,10026,10061,10062,10076,10082,10101,10125
39	4	81,300,301,303,305,306,309,310,311,312,314,346,347,355,356,358,359,360,361,362,363,364,365,367,369,370,588,605,778,9002,10000,10009,10011,10012,10014,10015,10077,10082,10103,10125
39	5	81,526,537,544,545,546,547,548,549,550,551,553,554,555,558,559,561,562,564,565,568,569,571,573,575,605,781,3003,9002,10068,10069,10070,10072,10078,10080,10081,10082,10104,10125
39	6	81,605,2209,2210,2211,2212,2213,2214,2215,2216,2217,2220,2221,2223,2224,2226,2229,2230,2231,2232,2233,2481,2487,9002,10082,10125,10171,10172,10173,10174,10175,10176,10193,10194
39	7	81,605,3087,3088,3089,3091,3092,3093,3094,3095,3096,3097,3098,3099,3105,3106,3107,3108,3109,3112,3113,3115,3216,3217,9002,10082,10125,10216,10218,10219,10220,10224,10225,10226,10227
39	8	81,605,1577,1578,1579,1581,1589,1593,1596,1600,1610,1613,1646,1647,1649,1651,1656,1663,1664,1665,1666,1668,1866,9002,10082,10125,10144,10145,10146,10148,10149,10150,10161
40	0	10,49,52,58,81,605,9003,9005,9006,10005,10010,10082,10095
40	1	81,200,232,233,234,235,236,238,239,240,241,242,243,245,246,247,248,249,250,251,254,255,258,259,498,605,740,745,9002,10002,10003,10031,10032,10033,10034,10035,10082,10100,10125
40	2	81,101,130,132,133,134,137,138,139,140,141,142,179,180,181,182,183,186,187,189,190,228,230,605,1020,9002,10018,10019,10021,10028,10036,10082,10088,10089,10102,10125
40	3	81,400,401,402,403,404,405,411,415,418,422,424,426,427,428,441,442,480,482,605,662,754,9002,10017,10023,10024,10026,10061,10062,10076,10082,10101,10125
40	4	81,300,301,303,305,306,309,310,311,312,314,346,347,355,356,358,359,360,361,362,363,364,365,366,367,369,370,588,605,778,9002,10000,10009,10011,10012,10014,10015,10077,10082,10103,10125
40	5	81,526,537,544,545,546,547,548,549,550,551,553,554,555,556,558,559,561,562,564,565,567,568,569,571,573,575,605,781,3003,9002,10068,10069,10070,10072,10078,10080,10081,10082,10104,10125
40	6	81,605,2209,2210,2211,2212,2213,2214,2215,2216,2217,2220,2221,2223,2224,2226,2229,2230,2231,2232,2233,2235,2481,2487,9002,10082,10125,10171,10172,10173,10174,10175,10176,10193,10194
40	7	81,605,3087,3088,3089,3090,3091,3092,3093,3094,3095,3096,3097,3098,3099,3105,3106,3107,3108,3109,3112,3113,3115,3216,3217,9002,10082,10125,10216,10218,10219,10220,10224,10225,10226,10227
40	8	81,605,1577,1578,1579,1581,1589,1593,1596,1600,1610,1613,1646,1647,1649,1651,1656,1663,1664,1665,1666,1667,1668,1866,1940,9002,10082,10125,10144,10145,10146,10148,10149,10150,10161
41	0	10,49,52,58,81,605,9003,9005,9006,10005,10010,10082,10095
41	1	81,200,232,233,234,235,236,238,239,240,241,242,243,245,246,247,248,249,250,251,254,255,258,259,498,605,740,745,9002,10002,10003,10031,10032,10033,10034,10035,10082,10100,10125
41	2	81,101,130,132,133,134,137,138,139,140,141,142,179,180,181,182,183,186,187,189,190,228,230,605,1020,9002,10018,10019,10021,10028,10036,10082,10088,10089,10102,10125
41	3	81,400,401,402,403,404,405,411,415,418,422,424,426,427,428,441,442,480,482,605,662,754,9002,10017,10023,10024,10026,10061,10062,10076,10082,10101,10125
41	4	81,300,301,303,305,306,309,310,311,312,314,346,347,355,356,358,359,360,361,362,363,364,365,366,367,369,370,588,605,778,9002,10000,10009,10011,10012,10014,10015,10077,10082,10103,10125
41	5	81,526,537,544,545,546,547,548,549,550,551,553,554,555,556,558,559,561,562,564,565,567,568,569,571,573,575,605,781,3003,9002,10068,10069,10070,10072,10078,10080,10081,10082,10104,10125
41	6	81,605,2209,2210,2211,2212,2213,2214,2215,2216,2217,2220,2221,2223,2224,2226,2229,2230,2231,2232,2233,2235,2481,2487,9002,10082,10125,10171,10172,10173,10174,10175,10176,10193,10194
41	7	81,605,3087,3088,3089,3090,3091,3092,3093,3094,3095,3096,3097,3098,3099,3105,3106,3107,3108,3109,3112,3113,3115,3216,3217,9002,10082,10125,10216,10218,10219,10220,10224,10225,10226,10227
41	8	81,605,1577,1578,1579,1581,1589,1593,1596,1600,1610,1613,1646,1647,1649,1651,1656,1663,1664,1665,1666,1667,1668,1866,1940,9002,10082,10125,10144,10145,10146,10148,10149,10150,10161
42	0	10,49,52,58,81,605,9003,9005,9006,10005,10010,10082,10095
42	1	81,200,232,233,234,235,236,238,239,240,241,242,243,245,246,247,248,249,250,251,254,255,258,259,261,498,605,740,745,9002,10002,10003,10031,10032,10033,10034,10035,10082,10100,10125
42	2	81,101,130,132,133,134,136,137,138,139,140,141,142,143,179,180,181,182,183,186,187,189,190,228,230,605,1020,9002,10018,10019,10021,10028,10036,10082,10088,10089,10102,10125
42	3	81,400,401,402,403,404,405,411,415,418,422,423,424,426,427,428,441,442,480,482,605,662,754,9002,10017,10023,10024,10026,10061,10062,10076,10082,10101,10125
42	4	81,300,301,303,305,306,309,310,311,312,314,346,347,355,356,358,359,360,361,362,363,364,365,366,367,368,369,370,588,605,778,9002,10000,10009,10011,10012,10014,10015,10077,10082,10103,10125
42	5	81,526,537,544,545,546,547,548,549,550,551,553,554,555,556,558,559,561,562,564,565,566,567,568,569,571,573,575,605,781,3003,9002,10068,10069,10070,10072,10078,10080,10081,10082,10104,10125
42	6	81,605,2209,2210,2211,2212,2213,2214,2215,2216,2217,2220,2221,2223,2224,2226,2229,2230,2231,2232,2233,2234,2235,2481,2487,9002,10082,10125,10171,10172,10173,10174,10175,10176,10193,10194
42	7	81,605,3087,3088,3089,3090,3091,3092,3093,3094,3095,3096,3097,3098,3099,3105,3106,3107,3108,3109,3112,3113,3114,3115,3216,3217,9002,10082,10125,10216,10218,10219,10220,10224,10225,10226,10227
42	8	81,605,1577,1578,1579,1581,1589,1593,1596,1600,1610,1613,1646,1647,1649,1651,1655,1656,1663,1664,1665,1666,1667,1668,1866,1940,9002,10082,10125,10144,10145,10146,10148,10149,10150,10161
43	0	10,49,52,58,81,605,9003,9005,9006,10005,10010,10082,10095
43	1	81,200,232,233,234,235,236,238,239,240,241,242,243,245,246,247,248,249,250,251,254,255,258,259,261,498,605,740,745,9002,10002,10003,10031,10032,10033,10034,10035,10082,10100,10125
43	2	81,101,130,132,133,134,136,137,138,139,140,141,142,143,179,180,181,182,183,186,187,189,190,228,230,605,1020,9002,10018,10019,10021,10028,10036,10082,10088,10089,10102,10125
43	3	81,400,401,402,403,404,405,411,415,418,422,423,424,426,427,428,441,442,480,482,605,662,754,9002,10017,10023,10024,10026,10061,10062,10076,10082,10101,10125
43	4	81,300,301,303,305,306,309,310,311,312,314,346,347,355,356,358,359,360,361,362,363,364,365,366,367,368,369,370,588,605,778,9002,10000,10009,10011,10012,10014,10015,10077,10082,10103,10125
43	5	81,526,537,544,545,546,547,548,549,550,551,553,554,555,556,558,559,561,562,564,565,566,567,568,569,571,573,575,605,781,3003,9002,10068,10069,10070,10072,10078,10080,10081,10082,10104,10125
43	6	81,605,2209,2210,2211,2212,2213,2214,2215,2216,2217,2220,2221,2223,2224,2226,2229,2230,2231,2232,2233,2234,2235,2481,2487,9002,10082,10125,10171,10172,10173,10174,10175,10176,10193,10194
43	7	81,605,3087,3088,3089,3090,3091,3092,3093,3094,3095,3096,3097,3098,3099,3105,3106,3107,3108,3109,3112,3113,3114,3115,3216,3217,9002,10082,10125,10216,10218,10219,10220,10224,10225,10226,10227
43	8	81,605,1577,1578,1579,1581,1589,1593,1596,1600,1610,1613,1646,1647,1649,1651,1655,1656,1663,1664,1665,1666,1667,1668,1866,1940,9002,10082,10125,10144,10145,10146,10148,10149,10150,10161
44	0	10,49,52,58,81,605,9003,9005,9006,10005,10010,10082,10095
44	1	81,200,232,233,234,235,236,238,239,240,241,242,243,245,246,247,248,249,250,251,252,254,255,258,259,261,498,605,740,745,9002,10002,10003,10031,10032,10033,10034,10035,10082,10100,10125
44	2	81,101,130,132,133,134,136,137,138,139,140,141,142,143,179,180,181,182,183,184,186,187,189,190,228,230,605,1020,9002,10018,10019,10021,10028,10036,10082,10088,10089,10102,10125
44	3	81,400,401,402,403,404,405,411,415,418,422,423,424,426,427,428,441,442,479,480,482,605,662,754,9002,10017,10023,10024,10026,10061,10062,10076,10082,10101,10125
44	4	81,300,301,303,305,306,309,310,311,312,314,346,347,355,356,357,358,359,360,361,362,363,364,365,366,367,368,369,370,588,605,778,9002,10000,10009,10011,10012,10014,10015,10077,10082,10103,10125
44	5	81,526,537,544,545,546,547,548,549,550,551,553,554,555,556,557,558,559,561,562,563,564,565,566,567,568,569,571,573,575,605,781,3003,9002,10068,10069,10070,10072,10078,10080,10081,10082,10104,10125
44	6	81,605,2209,2210,2211,2212,2213,2214,2215,2216,2217,2220,2221,2222,2223,2224,2226,2229,2230,2231,2232,2233,2234,2235,2481,2487,9002,10082,10125,10171,10172,10173,10174,10175,10176,10193,10194
44	7	81,605,3087,3088,3089,3090,3091,3092,3093,3094,3095,3096,3097,3098,3099,3105,3106,3107,3108,3109,3112,3113,3114,3115,3117,3216,3217,9002,10082,10125,10216,10218,10219,10220,10224,10225,10226,10227
44	8	81,605,1577,1578,1579,1581,1589,1593,1596,1600,1610,1613,1645,1646,1647,1649,1651,1655,1656,1663,1664,1665,1666,1667,1668,1866,1940,9002,10082,10125,10144,10145,10146,10148,10149,10150,10161
45	0	10,49,52,58,81,605,9003,9005,9006,10005,10010,10082,10095
45	1	81,200,232,233,234,235,236,238,239,240,241,242,243,245,246,247,248,249,250,251,252,254,255,258,259,261,498,605,740,745,9002,10002,10003,10031,10032,10033,10034,10035,10082,10100,10125
45	2	81,101,130,132,133,134,136,137,138,139,140,141,142,143,179,180,181,182,183,184,186,187,189,190,228,230,605,1020,9002,10018,10019,10021,10028,10036,10082,10088,10089,10102,10125
45	3	81,400,401,402,403,404,405,411,415,418,422,423,424,426,427,428,441,442,479,480,482,605,662,754,9002,10017,10023,10024,10026,10061,10062,10076,10082,10101,10125
45	4	81,300,301,303,305,306,309,310,311,312,314,346,347,355,356,357,358,359,360,361,362,363,364,365,366,367,368,369,370,588,605,778,9002,10000,10009,10011,10012,10014,10015,10077,10082,10103,10125
45	5	81,526,537,544,545,546,547,548,549,550,551,553,554,555,556,557,558,559,561,562,563,564,565,566,567,568,569,571,573,575,605,781,3003,9002,10068,10069,10070,10072,10078,10080,10081,10082,10104,10125
45	6	81,605,2209,2210,2211,2212,2213,2214,2215,2216,2217,2220,2221,2222,2223,2224,2226,2229,2230,2231,2232,2233,2234,2235,2481,2487,9002,10082,10125,10171,10172,10173,10174,10175,10176,10193,10194
45	7	81,605,3087,3088,3089,3090,3091,3092,3093,3094,3095,3096,3097,3098,3099,3105,3106,3107,3108,3109,3112,3113,3114,3115,3117,3216,3217,9002,10082,10125,10216,10218,10219,10220,10224,10225,10226,10227
45	8	81,605,1577,1578,1579,1581,1589,1593,1596,1600,1610,1613,1645,1646,1647,1649,1651,1655,1656,1663,1664,1665,1666,1667,1668,1866,1940,9002,10082,10125,10144,10145,10146,10148,10149,10150,10161
46	0	10,49,52,58,81,605,9003,9005,9006,10005,10010,10082,10095
46	1	81,200,232,233,234,235,236,238,239,240,241,242,243,245,246,247,248,249,250,251,252,254,255,257,258,259,261,498,605,740,745,9002,10002,10003,10031,10032,10033,10034,10035,10082,10100,10125
46	2	81,100,101,130,132,133,134,136,137,138,139,140,141,142,143,179,180,181,182,183,184,186,187,189,190,228,230,605,1020,9002,10018,10019,10021,10028,10036,10082,10088,10089,10102,10125
46	3	81,400,401,402,403,404,405,411,412,415,418,422,423,424,425,426,427,428,441,442,479,480,482,605,662,754,9002,10017,10023,10024,10026,10061,10062,10076,10082,10101,10125
46	4	81,300,301,303,305,306,309,310,311,312,314,316,346,347,355,356,357,358,359,360,361,362,363,364,365,366,367,368,369,370,588,605,778,9002,10000,10009,10011,10012,10014,10015,10077,10082,10103,10125
46	5	81,526,537,544,545,546,547,548,549,550,551,553,554,555,556,557,558,559,561,562,563,564,565,566,567,568,569,571,573,574,575,605,781,3003,9002,10068,10069,10070,10072,10078,10080,10081,10082,10104,10125
46	6	81,605,2209,2210,2211,2212,2213,2214,2215,2216,2217,2220,2221,2222,2223,2224,2226,2229,2230,2231,2232,2233,2234,2235,2481,2487,9002,10082,10125,10171,10172,10173,10174,10175,10176,10193,10194
46	7	81,605,3087,3088,3089,3090,3091,3092,3093,3094,3095,3096,3097,3098,3099,3105,3106,3107,3108,3109,3112,3113,3114,3115,3116,3117,3216,3217,9002,10082,10125,10216,10218,10219,10220,10224,10225,10226,10227
46	8	81,605,1577,1578,1579,1581,1589,1593,1596,1600,1610,1613,1645,1646,1647,1649,1651,1655,1656,1663,1664,1665,1666,1667,1668,1866,1940,9002,10082,10125,10144,10145,10146,10148,10149,10150,10161
47	0	10,49,52,58,81,605,9003,9005,9006,10005,10010,10082,10095
47	1	81,200,232,233,234,235,236,238,239,240,241,242,243,245,246,247,248,249,250,251,252,254,255,257,258,259,261,498,605,740,745,9002,10002,10003,10031,10032,10033,10034,10035,10082,10100,10125
47	2	81,100,101,130,132,133,134,136,137,138,139,140,141,142,143,179,180,181,182,183,184,186,187,189,190,228,230,605,1020,9002,10018,10019,10021,10028,10036,10082,10088,10089,10102,10125
47	3	81,400,401,402,403,404,405,411,412,415,418,422,423,424,425,426,427,428,441,442,479,480,482,605,662,754,9002,10017,10023,10024,10026,10061,10062,10076,10082,10101,10125
47	4	81,300,301,303,305,306,309,310,311,312,314,316,346,347,355,356,357,358,359,360,361,362,363,364,365,366,367,368,369,370,588,605,778,9002,10000,10009,10011,10012,10014,10015,10077,10082,10103,10125
47	5	81,526,537,544,545,546,547,548,549,550,551,553,554,555,556,557,558,559,561,562,563,564,565,566,567,568,569,571,573,574,575,605,781,3003,9002,10068,10069,10070,10072,10078,10080,10081,10082,10104,10125
47	6	81,605,2209,2210,2211,2212,2213,2214,2215,2216,2217,2220,2221,2222,2223,2224,2226,2229,2230,2231,2232,2233,2234,2235,2481,2487,9002,10082,10125,10171,10172,10173,10174,10175,10176,10193,10194
47	7	81,605,3087,3088,3089,3090,3091,3092,3093,3094,3095,3096,3097,3098,3099,3105,3106,3107,3108,3109,3112,3113,3114,3115,3116,3117,3216,3217,9002,10082,10125,10216,10218,10219,10220,10224,10225,10226,10227
47	8	81,605,1577,1578,1579,1581,1589,1593,1596,1600,1610,1613,1645,1646,1647,1649,1651,1655,1656,1663,1664,1665,1666,1667,1668,1866,1940,9002,10082,10125,10144,10145,10146,10148,10149,10150,10161
48	0	10,49,52,58,81,605,9003,9005,9006,10005,10010,10082,10095
48	1	81,200,232,233,234,235,236,237,238,239,240,241,242,243,245,246,247,248,249,250,251,252,254,255,257,258,259,261,498,605,740,745,9002,10002,10003,10031,10032,10033,10034,10035,10082,10100,10125
48	2	81,100,101,130,131,132,133,134,136,137,138,139,140,141,142,143,179,180,181,182,183,184,186,187,189,190,228,230,605,1020,9002,10018,10019,10021,10028,10036,10082,10088,10089,10102,10125
48	3	81,400,401,402,403,404,405,411,412,415,418,422,423,424,425,426,427,428,433,441,442,479,480,482,605,662,754,9002,10017,10023,10024,10026,10061,10062,10076,10082,10101,10125
48	4	81,300,301,303,305,306,309,310,311,312,313,314,316,346,347,355,356,357,358,359,360,361,362,363,364,365,366,367,368,369,370,588,605,778,9002,10000,10009,10011,10012,10014,10015,10077,10082,10103,10125
48	5	81,526,537,544,545,546,547,548,549,550,551,553,554,555,556,557,558,559,561,562,563,564,565,566,567,568,569,570,571,573,574,575,605,781,3003,9002,10068,10069,10070,10072,10078,10080,10081,10082,10104,10125
48	6	81,605,2209,2210,2211,2212,2213,2214,2215,2216,2217,2220,2221,2222,2223,2224,2226,2229,2230,2231,2232,2233,2234,2235,2481,2487,9002,10082,10125,10171,10172,10173,10174,10175,10176,10193,10194
48	7	81,605,3087,3088,3089,3090,3091,3092,3093,3094,3095,3096,3097,3098,3099,3103,3105,3106,3107,3108,3109,3112,3113,3114,3115,3116,3117,3216,3217,9002,10082,10125,10216,10218,10219,10220,10224,10225,10226,10227
48	8	81,605,1577,1578,1579,1581,1589,1593,1596,1600,1610,1613,1645,1646,1647,1649,1651,1655,1656,1663,1664,1665,1666,1667,1668,1866,1940,9002,10082,10125,10144,10145,10146,10148,10149,10150,10161
49	0	10,49,52,58,81,605,9003,9005,9006,10005,10010,10082,10095
49	1	81,200,232,233,234,235,236,237,238,239,240,241,242,243,245,246,247,248,249,250,251,252,254,255,257,258,259,261,498,605,740,745,9002,10002,10003,10031,10032,10033,10034,10035,10082,10100,10125
49	2	81,100,101,130,131,132,133,134,136,137,138,139,140,141,142,143,179,180,181,182,183,184,186,187,189,190,228,230,605,1020,9002,10018,10019,10021,10028,10036,10082,10088,10089,10102,10125
49	3	81,400,401,402,403,404,405,411,412,415,418,422,423,424,425,426,427,428,433,441,442,479,480,482,605,662,754,9002,10017,10023,10024,10026,10061,10062,10076,10082,10101,10125
49	4	81,300,301,303,305,306,309,310,311,312,313,314,316,346,347,355,356,357,358,359,360,361,362,363,364,365,366,367,368,369,370,588,605,778,9002,10000,10009,10011,10012,10014,10015,10077,10082,10103,10125
49	5	81,526,537,544,545,546,547,548,549,550,551,553,554,555,556,557,558,559,561,562,563,564,565,566,567,568,569,570,571,573,574,575,605,781,3003,9002,10068,10069,10070,10072,10078,10080,10081,10082,10104,10125
49	6	81,605,2209,2210,2211,2212,2213,2214,2215,2216,2217,2220,2221,2222,2223,2224,2226,2229,2230,2231,2232,2233,2234,2235,2481,2487,9002,10082,10125,10171,10172,10173,10174,10175,10176,10193,10194
49	7	81,605,3087,3088,3089,3090,3091,3092,3093,3094,3095,3096,3097,3098,3099,3103,3105,3106,3107,3108,3109,3112,3113,3114,3115,3116,3117,3216,3217,9002,10082,10125,10216,10218,10219,10220,10224,10225,10226,10227
49	8	81,605,1577,1578,1579,1581,1589,1593,1596,1600,1610,1613,1645,1646,1647,1649,1651,1655,1656,1663,1664,1665,1666,1667,1668,1866,1940,9002,10082,10125,10144,10145,10146,10148,10149,10150,10161
50	0	10,49,52,58,81,605,9003,9004,9005,9006,10005,10010,10082,10095
50	1	81,200,232,233,234,235,236,237,238,239,240,241,242,243,245,246,247,248,249,250,251,252,254,255,257,258,259,260,261,498,605,740,745,9002,10002,10003,10031,10032,10033,10034,10035,10082,10100,10125
50	2	81,100,101,130,131,132,133,134,136,137,138,139,140,141,142,143,179,180,181,182,183,184,186,187,188,189,190,228,230,605,1020,9002,10018,10019,10021,10028,10036,10082,10088,10089,10102,10125
50	3	81,400,401,402,403,404,405,411,412,413,415,418,422,423,424,425,426,427,428,433,441,442,479,480,482,605,662,754,9002,10017,10023,10024,10026,10061,10062,10076,10082,10101,10125
50	4	81,300,301,303,305,306,309,310,311,312,313,314,316,346,347,355,356,357,358,359,360,361,362,363,364,365,366,367,368,369,370,371,372,588,605,778,9002,10000,10009,10011,10012,10014,10015,10077,10082,10103,10125
50	5	81,526,537,544,545,546,547,548,549,550,551,552,553,554,555,556,557,558,559,561,562,563,564,565,566,567,568,569,570,571,573,574,575,605,781,3003,9002,10068,10069,10070,10072,10078,10080,10081,10082,10104,10125
50	6	81,605,2209,2210,2211,2212,2213,2214,2215,2216,2217,2220,2221,2222,2223,2224,2225,2226,2229,2230,2231,2232,2233,2234,2235,2481,2487,9002,10082,10125,10171,10172,10173,10174,10175,10176,10193,10194
50	7	81,605,3087,3088,3089,3090,3091,3092,3093,3094,3095,3096,3097,3098,3099,3103,3104,3105,3106,3107,3108,3109,3112,3113,3114,3115,3116,3117,3216,3217,9002,10082,10125,10216,10218,10219,10220,10224,10225,10226,10227
50	8	81,605,1577,1578,1579,1581,1589,1593,1596,1600,1610,1613,1645,1646,1647,1649,1651,1655,1656,1663,1664,1665,1666,1667,1668,1866,1940,9002,10082,10125,10144,10145,10146,10148,10149,10150,10161
51	0	10,49,52,58,81,605,9003,9004,9005,9006,10005,10010,10082,10095
51	1	81,200,232,233,234,235,236,237,238,239,240,241,242,243,245,246,247,248,249,250,251,252,254,255,257,258,259,260,261,498,605,740,745,9002,10002,10003,10031,10032,10033,10034,10035,10082,10100,10125
51	2	81,100,101,130,131,132,133,134,136,137,138,139,140,141,142,143,179,180,181,182,183,184,186,187,188,189,190,228,230,605,1020,9002,10018,10019,10021,10028,10036,10082,10088,10089,10102,10125
51	3	81,400,401,402,403,404,405,411,412,413,415,418,422,423,424,425,426,427,428,433,441,442,479,480,482,605,662,754,9002,10017,10023,10024,10026,10061,10062,10076,10082,10101,10125
51	4	81,300,301,303,305,306,309,310,311,312,313,314,316,346,347,355,356,357,358,359,360,361,362,363,364,365,366,367,368,369,370,371,372,588,605,778,9002,10000,10009,10011,10012,10014,10015,10077,10082,10103,10125
51	5	81,526,537,544,545,546,547,548,549,550,551,552,553,554,555,556,557,558,559,561,562,563,564,565,566,567,568,569,570,571,573,574,575,605,781,3003,9002,10068,10069,10070,10072,10078,10080,10081,10082,10104,10125
51	6	81,605,2209,2210,2211,2212,2213,2214,2215,2216,2217,2220,2221,2222,2223,2224,2225,2226,2229,2230,2231,2232,2233,2234,2235,2481,2487,9002,10082,10125,10171,10172,10173,10174,10175,10176,10193,10194
51	7	81,605,3087,3088,3089,3090,3091,3092,3093,3094,3095,3096,3097,3098,3099,3103,3104,3105,3106,3107,3108,3109,3112,3113,3114,3115,3116,3117,3216,3217,9002,10082,10125,10216,10218,10219,10220,10224,10225,10226,10227
51	8	81,605,1577,1578,1579,1581,1589,1593,1596,1600,1610,1613,1645,1646,1647,1649,1651,1655,1656,1663,1664,1665,1666,1667,1668,1866,1940,9002,10082,10125,10144,10145,10146,10148,10149,10150,10161
52	0	10,49,52,58,81,605,9003,9004,9005,9006,10005,10010,10082,10095
52	1	81,200,232,233,234,235,236,237,238,239,240,241,242,243,245,246,247,248,249,250,251,252,254,255,257,258,259,260,261,498,605,740,745,9002,10002,10003,10031,10032,10033,10034,10035,10082,10100,10125
52	2	81,100,101,130,131,132,133,134,136,137,138,139,140,141,142,143,179,180,181,182,183,184,186,187,188,189,190,228,230,605,1020,9002,10018,10019,10021,10028,10036,10082,10088,10089,10102,10125
52	3	81,400,401,402,403,404,405,411,412,413,415,418,422,423,424,425,426,427,428,433,441,442,479,480,482,605,662,754,9002,10017,10023,10024,10026,10061,10062,10076,10082,10101,10125
52	4	81,300,301,303,305,306,309,310,311,312,313,314,316,346,347,355,356,357,358,359,360,361,362,363,364,365,366,367,368,369,370,371,372,588,605,778,9002,10000,10009,10011,10012,10014,10015,10077,10082,10103,10125
52	5	81,526,537,544,545,546,547,548,549,550,551,552,553,554,555,556,557,558,559,561,562,563,564,565,566,567,568,569,570,571,573,574,575,605,781,3003,9002,10068,10069,10070,10072,10078,10080,10081,10082,10104,10125
52	6	81,605,2209,2210,2211,2212,2213,2214,2215,2216,2217,2220,2221,2222,2223,2224,2225,2226,2229,2230,2231,2232,2233,2234,2235,2481,2487,9002,10082,10125,10171,10172,10173,10174,10175,10176,10193,10194
52	7	81,605,3087,3088,3089,3090,3091,3092,3093,3094,3095,3096,3097,3098,3099,3103,3104,3105,3106,3107,3108,3109,3112,3113,3114,3115,3116,3117,3216,3217,9002,10082,10125,10216,10218,10219,10220,10224,10225,10226,10227
52	8	81,605,1577,1578,1579,1581,1589,1593,1596,1600,1610,1613,1645,1646,1647,1649,1651,1655,1656,1663,1664,1665,1666,1667,1668,1866,1940,9002,10082,10125,10144,10145,10146,10148,10149,10150,10161
53	0	10,49,52,58,81,605,9003,9004,9005,9006,10005,10010,10082,10095
53	1	81,200,232,233,234,235,236,237,238,239,240,241,242,243,245,246,247,248,249,250,251,252,254,255,257,258,259,260,261,498,605,740,745,9002,10002,10003,10031,10032,10033,10034,10035,10082,10100,10125
53	2	81,100,101,130,131,132,133,134,136,137,138,139,140,141,142,143,179,180,181,182,183,184,186,187,188,189,190,228,230,605,1020,9002,10018,10019,10021,10028,10036,10082,10088,10089,10102,10125
53	3	81,400,401,402,403,404,405,411,412,413,415,418,422,423,424,425,426,427,428,433,441,442,479,480,482,605,662,754,9002,10017,10023,10024,10026,10061,10062,10076,10082,10101,10125
53	4	81,300,301,303,305,306,309,310,311,312,313,314,316,346,347,355,356,357,358,359,360,361,362,363,364,365,366,367,368,369,370,371,372,588,605,778,9002,10000,10009,10011,10012,10014,10015,10077,10082,10103,10125
53	5	81,526,537,544,545,546,547,548,549,550,551,552,553,554,555,556,557,558,559,561,562,563,564,565,566,567,568,569,570,571,573,574,575,605,781,3003,9002,10068,10069,10070,10072,10078,10080,10081,10082,10104,10125
53	6	81,605,2209,2210,2211,2212,2213,2214,2215,2216,2217,2220,2221,2222,2223,2224,2225,2226,2229,2230,2231,2232,2233,2234,2235,2481,2487,9002,10082,10125,10171,10172,10173,10174,10175,10176,10193,10194
53	7	81,605,3087,3088,3089,3090,3091,3092,3093,3094,3095,3096,3097,3098,3099,3103,3104,3105,3106,3107,3108,3109,3112,3113,3114,3115,3116,3117,3216,3217,9002,10082,10125,10216,10218,10219,10220,10224,10225,10226,10227
53	8	81,605,1577,1578,1579,1581,1589,1593,1596,1600,1610,1613,1645,1646,1647,1649,1651,1655,1656,1663,1664,1665,1666,1667,1668,1866,1940,9002,10082,10125,10144,10145,10146,10148,10149,10150,10161
54	0	10,49,52,58,81,605,9003,9004,9005,9006,10005,10010,10082,10095
54	1	81,200,232,233,234,235,236,237,238,239,240,241,242,243,245,246,247,248,249,250,251,252,254,255,257,258,259,260,261,498,605,740,745,9002,10002,10003,10031,10032,10033,10034,10035,10082,10100,10125
54	2	81,100,101,130,131,132,133,134,136,137,138,139,140,141,142,143,179,180,181,182,183,184,186,187,188,189,190,228,230,605,1020,9002,10018,10019,10021,10028,10036,10082,10088,10089,10102,10125
54	3	81,400,401,402,403,404,405,411,412,413,415,418,422,423,424,425,426,427,428,433,441,442,479,480,482,605,662,754,9002,10017,10023,10024,10026,10061,10062,10076,10082,10101,10125
54	4	81,300,301,303,305,306,309,310,311,312,313,314,316,346,347,355,356,357,358,359,360,361,362,363,364,365,366,367,368,369,370,371,372,588,605,778,9002,10000,10009,10011,10012,10014,10015,10077,10082,10103,10125
54	5	81,526,537,544,545,546,547,548,549,550,551,552,553,554,555,556,557,558,559,561,562,563,564,565,566,567,568,569,570,571,573,574,575,605,781,3003,9002,10068,10069,10070,10072,10078,10080,10081,10082,10104,10125
54	6	81,605,2209,2210,2211,2212,2213,2214,2215,2216,2217,2220,2221,2222,2223,2224,2225,2226,2229,2230,2231,2232,2233,2234,2235,2481,2487,9002,10082,10125,10171,10172,10173,10174,10175,10176,10193,10194
54	7	81,605,3087,3088,3089,3090,3091,3092,3093,3094,3095,3096,3097,3098,3099,3103,3104,3105,3106,3107,3108,3109,3112,3113,3114,3115,3116,3117,3216,3217,9002,10082,10125,10216,10218,10219,10220,10224,10225,10226,10227
54	8	81,605,1577,1578,1579,1581,1589,1593,1596,1600,1610,1613,1645,1646,1647,1649,1651,1655,1656,1663,1664,1665,1666,1667,1668,1866,1940,9002,10082,10125,10144,10145,10146,10148,10149,10150,10161
55	0	10,49,52,58,81,605,9003,9004,9005,9006,10005,10010,10082,10095
55	1	81,200,232,233,234,235,236,237,238,239,240,241,242,243,245,246,247,248,249,250,251,252,254,255,257,258,259,260,261,498,605,740,745,9002,10002,10003,10031,10032,10033,10034,10035,10082,10100,10125
55	2	81,100,101,130,131,132,133,134,136,137,138,139,140,141,142,143,179,180,181,182,183,184,186,187,188,189,190,228,230,605,1020,9002,10018,10019,10021,10028,10036,10082,10088,10089,10102,10125
55	3	81,400,401,402,403,404,405,411,412,413,415,418,422,423,424,425,426,427,428,433,441,442,479,480,482,605,662,754,9002,10017,10023,10024,10026,10061,10062,10076,10082,10101,10125
55	4	81,300,301,303,305,306,309,310,311,312,313,314,316,346,347,355,356,357,358,359,360,361,362,363,364,365,366,367,368,369,370,371,372,588,605,778,9002,10000,10009,10011,10012,10014,10015,10077,10082,10103,10125
55	5	81,526,537,544,545,546,547,548,549,550,551,552,553,554,555,556,557,558,559,561,562,563,564,565,566,567,568,569,570,571,573,574,575,605,781,3003,9002,10068,10069,10070,10072,10078,10080,10081,10082,10104,10125
55	6	81,605,2209,2210,2211,2212,2213,2214,2215,2216,2217,2220,2221,2222,2223,2224,2225,2226,2229,2230,2231,2232,2233,2234,2235,2481,2487,9002,10082,10125,10171,10172,10173,10174,10175,10176,10193,10194
55	7	81,605,3087,3088,3089,3090,3091,3092,3093,3094,3095,3096,3097,3098,3099,3103,3104,3105,3106,3107,3108,3109,3112,3113,3114,3115,3116,3117,3216,3217,9002,10082,10125,10216,10218,10219,10220,10224,10225,10226,10227
55	8	81,605,1577,1578,1579,1581,1589,1593,1596,1600,1610,1613,1645,1646,1647,1649,1651,1655,1656,1663,1664,1665,1666,1667,1668,1866,1940,9002,10082,10125,10144,10145,10146,10148,10149,10150,10161
56	0	10,49,52,58,81,605,9003,9004,9005,9006,10005,10010,10082,10095
56	1	81,200,232,233,234,235,236,237,238,239,240,241,242,243,245,246,247,248,249,250,251,252,254,255,257,258,259,260,261,498,605,740,745,9002,10002,10003,10031,10032,10033,10034,10035,10082,10100,10125
56	2	81,100,101,130,131,132,133,134,136,137,138,139,140,141,142,143,179,180,181,182,183,184,186,187,188,189,190,228,230,605,1020,9002,10018,10019,10021,10028,10036,10082,10088,10089,10102,10125
56	3	81,400,401,402,403,404,405,411,412,413,415,418,422,423,424,425,426,427,428,433,441,442,479,480,482,605,662,754,9002,10017,10023,10024,10026,10061,10062,10076,10082,10101,10125
56	4	81,300,301,303,305,306,309,310,311,312,313,314,316,346,347,355,356,357,358,359,360,361,362,363,364,365,366,367,368,369,370,371,372,588,605,778,9002,10000,10009,10011,10012,10014,10015,10077,10082,10103,10125
56	5	81,526,537,544,545,546,547,548,549,550,551,552,553,554,555,556,557,558,559,561,562,563,564,565,566,567,568,569,570,571,573,574,575,605,781,3003,9002,10068,10069,10070,10072,10078,10080,10081,10082,10104,10125
56	6	81,605,2209,2210,2211,2212,2213,2214,2215,2216,2217,2220,2221,2222,2223,2224,2225,2226,2229,2230,2231,2232,2233,2234,2235,2481,2487,9002,10082,10125,10171,10172,10173,10174,10175,10176,10193,10194
56	7	81,605,3087,3088,3089,3090,3091,3092,3093,3094,3095,3096,3097,3098,3099,3103,3104,3105,3106,3107,3108,3109,3112,3113,3114,3115,3116,3117,3216,3217,9002,10082,10125,10216,10218,10219,10220,10224,10225,10226,10227
56	8	81,605,1577,1578,1579,1581,1589,1593,1596,1600,1610,1613,1645,1646,1647,1649,1651,1655,1656,1663,1664,1665,1666,1667,1668,1866,1940,9002,10082,10125,10144,10145,10146,10148,10149,10150,10161
57	0	10,49,52,58,81,605,9003,9004,9005,9006,10005,10010,10082,10095
57	1	81,200,232,233,234,235,236,237,238,239,240,241,242,243,245,246,247,248,249,250,251,252,254,255,257,258,259,260,261,498,605,740,745,9002,10002,10003,10031,10032,10033,10034,10035,10082,10100,10125
57	2	81,100,101,130,131,132,133,134,136,137,138,139,140,141,142,143,179,180,181,182,183,184,186,187,188,189,190,228,230,605,1020,9002,10018,10019,10021,10028,10036,10082,10088,10089,10102,10125
57	3	81,400,401,402,403,404,405,411,412,413,415,418,422,423,424,425,426,427,428,433,441,442,479,480,482,605,662,754,9002,10017,10023,10024,10026,10061,10062,10076,10082,10101,10125
57	4	81,300,301,303,305,306,309,310,311,312,313,314,316,346,347,355,356,357,358,359,360,361,362,363,364,365,366,367,368,369,370,371,372,588,605,778,9002,10000,10009,10011,10012,10014,10015,10077,10082,10103,10125
57	5	81,526,537,544,545,546,547,548,549,550,551,552,553,554,555,556,557,558,559,561,562,563,564,565,566,567,568,569,570,571,573,574,575,605,781,3003,9002,10068,10069,10070,10072,10078,10080,10081,10082,10104,10125
57	6	81,605,2209,2210,2211,2212,2213,2214,2215,2216,2217,2220,2221,2222,2223,2224,2225,2226,2229,2230,2231,2232,2233,2234,2235,2481,2487,9002,10082,10125,10171,10172,10173,10174,10175,10176,10193,10194
57	7	81,605,3087,3088,3089,3090,3091,3092,3093,3094,3095,3096,3097,3098,3099,3103,3104,3105,3106,3107,3108,3109,3112,3113,3114,3115,3116,3117,3216,3217,9002,10082,10125,10216,10218,10219,10220,10224,10225,10226,10227
57	8	81,605,1577,1578,1579,1581,1589,1593,1596,1600,1610,1613,1645,1646,1647,1649,1651,1655,1656,1663,1664,1665,1666,1667,1668,1866,1940,9002,10082,10125,10144,10145,10146,10148,10149,10150,10161
58	0	10,49,52,58,81,605,9003,9004,9005,9006,10005,10010,10082,10095
58	1	81,200,232,233,234,235,236,237,238,239,240,241,242,243,245,246,247,248,249,250,251,252,254,255,257,258,259,260,261,498,605,740,745,9002,10002,10003,10031,10032,10033,10034,10035,10082,10100,10125
58	2	81,100,101,130,131,132,133,134,136,137,138,139,140,141,142,143,179,180,181,182,183,184,186,187,188,189,190,228,230,605,1020,9002,10018,10019,10021,10028,10036,10082,10088,10089,10102,10125
58	3	81,400,401,402,403,404,405,411,412,413,415,418,422,423,424,425,426,427,428,433,441,442,479,480,482,605,662,754,9002,10017,10023,10024,10026,10061,10062,10076,10082,10101,10125
58	4	81,300,301,303,305,306,309,310,311,312,313,314,316,346,347,355,356,357,358,359,360,361,362,363,364,365,366,367,368,369,370,371,372,588,605,778,9002,10000,10009,10011,10012,10014,10015,10077,10082,10103,10125
58	5	81,526,537,544,545,546,547,548,549,550,551,552,553,554,555,556,557,558,559,561,562,563,564,565,566,567,568,569,570,571,573,574,575,605,781,3003,9002,10068,10069,10070,10072,10078,10080,10081,10082,10104,10125
58	6	81,605,2209,2210,2211,2212,2213,2214,2215,2216,2217,2220,2221,2222,2223,2224,2225,2226,2229,2230,2231,2232,2233,2234,2235,2481,2487,9002,10082,10125,10171,10172,10173,10174,10175,10176,10193,10194
58	7	81,605,3087,3088,3089,3090,3091,3092,3093,3094,3095,3096,3097,3098,3099,3103,3104,3105,3106,3107,3108,3109,3112,3113,3114,3115,3116,3117,3216,3217,9002,10082,10125,10216,10218,10219,10220,10224,10225,10226,10227
58	8	81,605,1577,1578,1579,1581,1589,1593,1596,1600,1610,1613,1645,1646,1647,1649,1651,1655,1656,1663,1664,1665,1666,1667,1668,1866,1940,9002,10082,10125,10144,10145,10146,10148,10149,10150,10161
59	0	10,49,52,58,81,605,9003,9004,9005,9006,10005,10010,10082,10095
59	1	81,200,232,233,234,235,236,237,238,239,240,241,242,243,245,246,247,248,249,250,251,252,254,255,257,258,259,260,261,498,605,740,745,9002,10002,10003,10031,10032,10033,10034,10035,10082,10100,10125
59	2	81,100,101,130,131,132,133,134,136,137,138,139,140,141,142,143,179,180,181,182,183,184,186,187,188,189,190,228,230,605,1020,9002,10018,10019,10021,10028,10036,10082,10088,10089,10102,10125
59	3	81,400,401,402,403,404,405,411,412,413,415,418,422,423,424,425,426,427,428,433,441,442,479,480,482,605,662,754,9002,10017,10023,10024,10026,10061,10062,10076,10082,10101,10125
59	4	81,300,301,303,305,306,309,310,311,312,313,314,316,346,347,355,356,357,358,359,360,361,362,363,364,365,366,367,368,369,370,371,372,588,605,778,9002,10000,10009,10011,10012,10014,10015,10077,10082,10103,10125
59	5	81,526,537,544,545,546,547,548,549,550,551,552,553,554,555,556,557,558,559,561,562,563,564,565,566,567,568,569,570,571,573,574,575,605,781,3003,9002,10068,10069,10070,10072,10078,10080,10081,10082,10104,10125
59	6	81,605,2209,2210,2211,2212,2213,2214,2215,2216,2217,2220,2221,2222,2223,2224,2225,2226,2229,2230,2231,2232,2233,2234,2235,2481,2487,9002,10082,10125,10171,10172,10173,10174,10175,10176,10193,10194
59	7	81,605,3087,3088,3089,3090,3091,3092,3093,3094,3095,3096,3097,3098,3099,3103,3104,3105,3106,3107,3108,3109,3112,3113,3114,3115,3116,3117,3216,3217,9002,10082,10125,10216,10218,10219,10220,10224,10225,10226,10227
59	8	81,605,1577,1578,1579,1581,1589,1593,1596,1600,1610,1613,1645,1646,1647,1649,1651,1655,1656,1663,1664,1665,1666,1667,1668,1866,1940,9002,10082,10125,10144,10145,10146,10148,10149,10150,10161
60	0	10,49,52,58,81,605,9003,9004,9005,9006,10005,10010,10082,10095
60	1	81,200,232,233,234,235,236,237,238,239,240,241,242,243,245,246,247,248,249,250,251,252,254,255,257,258,259,260,261,498,605,740,745,9002,10002,10003,10031,10032,10033,10034,10035,10082,10100,10125
60	2	81,100,101,130,131,132,133,134,136,137,138,139,140,141,142,143,179,180,181,182,183,184,186,187,188,189,190,228,230,605,1020,9002,10018,10019,10021,10028,10036,10082,10088,10089,10102,10125
60	3	81,400,401,402,403,404,405,411,412,413,415,418,422,423,424,425,426,427,428,433,441,442,479,480,482,605,662,754,9002,10017,10023,10024,10026,10061,10062,10076,10082,10101,10125
60	4	81,300,301,303,305,306,309,310,311,312,313,314,316,346,347,355,356,357,358,359,360,361,362,363,364,365,366,367,368,369,370,371,372,588,605,778,9002,10000,10009,10011,10012,10014,10015,10077,10082,10103,10125
60	5	81,526,537,544,545,546,547,548,549,550,551,552,553,554,555,556,557,558,559,561,562,563,564,565,566,567,568,569,570,571,573,574,575,605,781,3003,9002,10068,10069,10070,10072,10078,10080,10081,10082,10104,10125
60	6	81,605,2209,2210,2211,2212,2213,2214,2215,2216,2217,2220,2221,2222,2223,2224,2225,2226,2229,2230,2231,2232,2233,2234,2235,2481,2487,9002,10082,10125,10171,10172,10173,10174,10175,10176,10193,10194
60	7	81,605,3087,3088,3089,3090,3091,3092,3093,3094,3095,3096,3097,3098,3099,3103,3104,3105,3106,3107,3108,3109,3112,3113,3114,3115,3116,3117,3216,3217,9002,10082,10125,10216,10218,10219,10220,10224,10225,10226,10227
60	8	81,605,1577,1578,1579,1581,1589,1593,1596,1600,1610,1613,1645,1646,1647,1649,1651,1655,1656,1663,1664,1665,1666,1667,1668,1866,1940,9002,10082,10125,10144,10145,10146,10148,10149,10150,10161
61	0	10,49,52,58,81,605,9003,9004,9005,9006,10005,10010,10082,10095
61	1	81,200,232,233,234,235,236,237,238,239,240,241,242,243,245,246,247,248,249,250,251,252,254,255,257,258,259,260,261,498,605,740,745,9002,10002,10003,10031,10032,10033,10034,10035,10082,10100,10125
61	2	81,100,101,130,131,132,133,134,136,137,138,139,140,141,142,143,179,180,181,182,183,184,186,187,188,189,190,228,230,605,1020,9002,10018,10019,10021,10028,10036,10082,10088,10089,10102,10125
61	3	81,400,401,402,403,404,405,411,412,413,415,418,422,423,424,425,426,427,428,433,441,442,479,480,482,605,662,754,9002,10017,10023,10024,10026,10061,10062,10076,10082,10101,10125
61	4	81,300,301,303,305,306,309,310,311,312,313,314,316,346,347,355,356,357,358,359,360,361,362,363,364,365,366,367,368,369,370,371,372,588,605,778,9002,10000,10009,10011,10012,10014,10015,10077,10082,10103,10125
61	5	81,526,537,544,545,546,547,548,549,550,551,552,553,554,555,556,557,558,559,561,562,563,564,565,566,567,568,569,570,571,573,574,575,605,781,3003,9002,10068,10069,10070,10072,10078,10080,10081,10082,10104,10125
61	6	81,605,2209,2210,2211,2212,2213,2214,2215,2216,2217,2220,2221,2222,2223,2224,2225,2226,2229,2230,2231,2232,2233,2234,2235,2481,2487,9002,10082,10125,10171,10172,10173,10174,10175,10176,10193,10194
61	7	81,605,3087,3088,3089,3090,3091,3092,3093,3094,3095,3096,3097,3098,3099,3103,3104,3105,3106,3107,3108,3109,3112,3113,3114,3115,3116,3117,3216,3217,9002,10082,10125,10216,10218,10219,10220,10224,10225,10226,10227
61	8	81,605,1577,1578,1579,1581,1589,1593,1596,1600,1610,1613,1645,1646,1647,1649,1651,1655,1656,1663,1664,1665,1666,1667,1668,1866,1940,9002,10082,10125,10144,10145,10146,10148,10149,10150,10161
62	0	10,49,52,58,81,605,9003,9004,9005,9006,10005,10010,10082,10095
62	1	81,200,232,233,234,235,236,237,238,239,240,241,242,243,245,246,247,248,249,250,251,252,254,255,257,258,259,260,261,498,605,740,745,9002,10002,10003,10031,10032,10033,10034,10035,10082,10100,10125
62	2	81,100,101,130,131,132,133,134,136,137,138,139,140,141,142,143,179,180,181,182,183,184,186,187,188,189,190,228,230,605,1020,9002,10018,10019,10021,10028,10036,10082,10088,10089,10102,10125
62	3	81,400,401,402,403,404,405,411,412,413,415,418,422,423,424,425,426,427,428,433,441,442,479,480,482,605,662,754,9002,10017,10023,10024,10026,10061,10062,10076,10082,10101,10125
62	4	81,300,301,303,305,306,309,310,311,312,313,314,316,346,347,355,356,357,358,359,360,361,362,363,364,365,366,367,368,369,370,371,372,588,605,778,9002,10000,10009,10011,10012,10014,10015,10077,10082,10103,10125
62	5	81,526,537,544,545,546,547,548,549,550,551,552,553,554,555,556,557,558,559,561,562,563,564,565,566,567,568,569,570,571,573,574,575,605,781,3003,9002,10068,10069,10070,10072,10078,10080,10081,10082,10104,10125
62	6	81,605,2209,2210,2211,2212,2213,2214,2215,2216,2217,2220,2221,2222,2223,2224,2225,2226,2229,2230,2231,2232,2233,2234,2235,2481,2487,9002,10082,10125,10171,10172,10173,10174,10175,10176,10193,10194
62	7	81,605,3087,3088,3089,3090,3091,3092,3093,3094,3095,3096,3097,3098,3099,3103,3104,3105,3106,3107,3108,3109,3112,3113,3114,3115,3116,3117,3216,3217,9002,10082,10125,10216,10218,10219,10220,10224,10225,10226,10227
62	8	81,605,1577,1578,1579,1581,1589,1593,1596,1600,1610,1613,1645,1646,1647,1649,1651,1655,1656,1663,1664,1665,1666,1667,1668,1866,1940,9002,10082,10125,10144,10145,10146,10148,10149,10150,10161
63	0	10,49,52,58,81,605,9003,9004,9005,9006,10005,10010,10082,10095
63	1	81,200,232,233,234,235,236,237,238,239,240,241,242,243,245,246,247,248,249,250,251,252,254,255,257,258,259,260,261,498,605,740,745,9002,10002,10003,10031,10032,10033,10034,10035,10082,10100,10125
63	2	81,100,101,130,131,132,133,134,136,137,138,139,140,141,142,143,179,180,181,182,183,184,186,187,188,189,190,228,230,605,1020,9002,10018,10019,10021,10028,10036,10082,10088,10089,10102,10125
63	3	81,400,401,402,403,404,405,411,412,413,415,418,422,423,424,425,426,427,428,433,441,442,479,480,482,605,662,754,9002,10017,10023,10024,10026,10061,10062,10076,10082,10101,10125
63	4	81,300,301,303,305,306,309,310,311,312,313,314,316,346,347,355,356,357,358,359,360,361,362,363,364,365,366,367,368,369,370,371,372,588,605,778,9002,10000,10009,10011,10012,10014,10015,10077,10082,10103,10125
63	5	81,526,537,544,545,546,547,548,549,550,551,552,553,554,555,556,557,558,559,561,562,563,564,565,566,567,568,569,570,571,573,574,575,605,781,3003,9002,10068,10069,10070,10072,10078,10080,10081,10082,10104,10125
63	6	81,605,2209,2210,2211,2212,2213,2214,2215,2216,2217,2220,2221,2222,2223,2224,2225,2226,2229,2230,2231,2232,2233,2234,2235,2481,2487,9002,10082,10125,10171,10172,10173,10174,10175,10176,10193,10194
63	7	81,605,3087,3088,3089,3090,3091,3092,3093,3094,3095,3096,3097,3098,3099,3103,3104,3105,3106,3107,3108,3109,3112,3113,3114,3115,3116,3117,3216,3217,9002,10082,10125,10216,10218,10219,10220,10224,10225,10226,10227
63	8	81,605,1577,1578,1579,1581,1589,1593,1596,1600,1610,1613,1645,1646,1647,1649,1651,1655,1656,1663,1664,1665,1666,1667,1668,1866,1940,9002,10082,10125,10144,10145,10146,10148,10149,10150,10161
64	0	10,49,52,58,81,605,9003,9004,9005,9006,10005,10010,10082,10095
64	1	81,200,232,233,234,235,236,237,238,239,240,241,242,243,245,246,247,248,249,250,251,252,254,255,257,258,259,260,261,498,605,740,745,9002,10002,10003,10031,10032,10033,10034,10035,10082,10100,10125
64	2	81,100,101,130,131,132,133,134,136,137,138,139,140,141,142,143,179,180,181,182,183,184,186,187,188,189,190,228,230,605,1020,9002,10018,10019,10021,10028,10036,10082,10088,10089,10102,10125
64	3	81,400,401,402,403,404,405,411,412,413,415,418,422,423,424,425,426,427,428,433,441,442,479,480,482,605,662,754,9002,10017,10023,10024,10026,10061,10062,10076,10082,10101,10125
64	4	81,300,301,303,305,306,309,310,311,312,313,314,316,346,347,355,356,357,358,359,360,361,362,363,364,365,366,367,368,369,370,371,372,588,605,778,9002,10000,10009,10011,10012,10014,10015,10077,10082,10103,10125
64	5	81,526,537,544,545,546,547,548,549,550,551,552,553,554,555,556,557,558,559,561,562,563,564,565,566,567,568,569,570,571,573,574,575,605,781,3003,9002,10068,10069,10070,10072,10078,10080,10081,10082,10104,10125
64	6	81,605,2209,2210,2211,2212,2213,2214,2215,2216,2217,2220,2221,2222,2223,2224,2225,2226,2229,2230,2231,2232,2233,2234,2235,2481,2487,9002,10082,10125,10171,10172,10173,10174,10175,10176,10193,10194
64	7	81,605,3087,3088,3089,3090,3091,3092,3093,3094,3095,3096,3097,3098,3099,3103,3104,3105,3106,3107,3108,3109,3112,3113,3114,3115,3116,3117,3216,3217,9002,10082,10125,10216,10218,10219,10220,10224,10225,10226,10227
64	8	81,605,1577,1578,1579,1581,1589,1593,1596,1600,1610,1613,1645,1646,1647,1649,1651,1655,1656,1663,1664,1665,1666,1667,1668,1866,1940,9002,10082,10125,10144,10145,10146,10148,10149,10150,10161
65	0	10,49,52,58,81,605,9003,9004,9005,9006,10005,10010,10082,10095
65	1	81,200,232,233,234,235,236,237,238,239,240,241,242,243,245,246,247,248,249,250,251,252,254,255,257,258,259,260,261,498,605,740,745,9002,10002,10003,10031,10032,10033,10034,10035,10082,10100,10125
65	2	81,100,101,130,131,132,133,134,136,137,138,139,140,141,142,143,179,180,181,182,183,184,186,187,188,189,190,228,230,605,1020,9002,10018,10019,10021,10028,10036,10082,10088,10089,10102,10125
65	3	81,400,401,402,403,404,405,411,412,413,415,418,422,423,424,425,426,427,428,433,441,442,479,480,482,605,662,754,9002,10017,10023,10024,10026,10061,10062,10076,10082,10101,10125
65	4	81,300,301,303,305,306,309,310,311,312,313,314,316,346,347,355,356,357,358,359,360,361,362,363,364,365,366,367,368,369,370,371,372,588,605,778,9002,10000,10009,10011,10012,10014,10015,10077,10082,10103,10125
65	5	81,526,537,544,545,546,547,548,549,550,551,552,553,554,555,556,557,558,559,561,562,563,564,565,566,567,568,569,570,571,573,574,575,605,781,3003,9002,10068,10069,10070,10072,10078,10080,10081,10082,10104,10125
65	6	81,605,2209,2210,2211,2212,2213,2214,2215,2216,2217,2220,2221,2222,2223,2224,2225,2226,2229,2230,2231,2232,2233,2234,2235,2481,2487,9002,10082,10125,10171,10172,10173,10174,10175,10176,10193,10194
65	7	81,605,3087,3088,3089,3090,3091,3092,3093,3094,3095,3096,3097,3098,3099,3103,3104,3105,3106,3107,3108,3109,3112,3113,3114,3115,3116,3117,3216,3217,9002,10082,10125,10216,10218,10219,10220,10224,10225,10226,10227
65	8	81,605,1577,1578,1579,1581,1589,1593,1596,1600,1610,1613,1645,1646,1647,1649,1651,1655,1656,1663,1664,1665,1666,1667,1668,1866,1940,9002,10082,10125,10144,10145,10146,10148,10149,10150,10161
66	0	10,49,52,58,81,605,9003,9004,9005,9006,10005,10010,10082,10095
66	1	81,200,232,233,234,235,236,237,238,239,240,241,242,243,245,246,247,248,249,250,251,252,254,255,257,258,259,260,261,498,605,740,745,9002,10002,10003,10031,10032,10033,10034,10035,10082,10100,10125
66	2	81,100,101,130,131,132,133,134,136,137,138,139,140,141,142,143,179,180,181,182,183,184,186,187,188,189,190,228,230,605,1020,9002,10018,10019,10021,10028,10036,10082,10088,10089,10102,10125
66	3	81,400,401,402,403,404,405,411,412,413,415,418,422,423,424,425,426,427,428,433,441,442,479,480,482,605,662,754,9002,10017,10023,10024,10026,10061,10062,10076,10082,10101,10125
66	4	81,300,301,303,305,306,309,310,311,312,313,314,316,346,347,355,356,357,358,359,360,361,362,363,364,365,366,367,368,369,370,371,372,588,605,778,9002,10000,10009,10011,10012,10014,10015,10077,10082,10103,10125
66	5	81,526,537,544,545,546,547,548,549,550,551,552,553,554,555,556,557,558,559,561,562,563,564,565,566,567,568,569,570,571,573,574,575,605,781,3003,9002,10068,10069,10070,10072,10078,10080,10081,10082,10104,10125
66	6	81,605,2209,2210,2211,2212,2213,2214,2215,2216,2217,2220,2221,2222,2223,2224,2225,2226,2229,2230,2231,2232,2233,2234,2235,2481,2487,9002,10082,10125,10171,10172,10173,10174,10175,10176,10193,10194
66	7	81,605,3087,3088,3089,3090,3091,3092,3093,3094,3095,3096,3097,3098,3099,3103,3104,3105,3106,3107,3108,3109,3112,3113,3114,3115,3116,3117,3216,3217,9002,10082,10125,10216,10218,10219,10220,10224,10225,10226,10227
66	8	81,605,1577,1578,1579,1581,1589,1593,1596,1600,1610,1613,1645,1646,1647,1649,1651,1655,1656,1663,1664,1665,1666,1667,1668,1866,1940,9002,10082,10125,10144,10145,10146,10148,10149,10150,10161
67	0	10,49,52,58,81,605,1160,9003,9004,9005,9006,10005,10010,10082,10095
67	1	81,200,232,233,234,235,236,237,238,239,240,241,242,243,245,246,247,248,249,250,251,252,254,255,257,258,259,260,261,498,605,740,745,9002,10002,10003,10031,10032,10033,10034,10035,10082,10100,10125
67	2	81,100,101,130,131,132,133,134,136,137,138,139,140,141,142,143,179,180,181,182,183,184,186,187,188,189,190,228,230,605,1020,9002,10018,10019,10021,10028,10036,10082,10088,10089,10102,10125
67	3	81,400,401,402,403,404,405,411,412,413,415,418,422,423,424,425,426,427,428,433,441,442,479,480,482,605,662,754,9002,10017,10023,10024,10026,10061,10062,10076,10082,10101,10125
67	4	81,300,301,303,305,306,309,310,311,312,313,314,316,346,347,355,356,357,358,359,360,361,362,363,364,365,366,367,368,369,370,371,372,588,605,778,9002,10000,10009,10011,10012,10014,10015,10077,10082,10103,10125
67	5	81,526,537,544,545,546,547,548,549,550,551,552,553,554,555,556,557,558,559,561,562,563,564,565,566,567,568,569,570,571,573,574,575,605,781,3003,9002,10068,10069,10070,10072,10078,10080,10081,10082,10104,10125
67	6	81,605,2209,2210,2211,2212,2213,2214,2215,2216,2217,2220,2221,2222,2223,2224,2225,2226,2229,2230,2231,2232,2233,2234,2235,2481,2487,9002,10082,10125,10171,10172,10173,10174,10175,10176,10193,10194
67	7	81,605,3087,3088,3089,3090,3091,3092,3093,3094,3095,3096,3097,3098,3099,3103,3104,3105,3106,3107,3108,3109,3112,3113,3114,3115,3116,3117,3216,3217,9002,10082,10125,10216,10218,10219,10220,10224,10225,10226,10227
67	8	81,605,1577,1578,1579,1581,1589,1593,1596,1600,1610,1613,1645,1646,1647,1649,1651,1655,1656,1663,1664,1665,1666,1667,1668,1866,1940,9002,10082,10125,10144,10145,10146,10148,10149,10150,10161
68	0	10,49,52,58,81,605,1160,9003,9004,9005,9006,10005,10010,10082,10095
68	1	81,200,232,233,234,235,236,237,238,239,240,241,242,243,245,246,247,248,249,250,251,252,254,255,257,258,259,260,261,498,605,740,745,9002,10002,10003,10031,10032,10033,10034,10035,10082,10100,10125
68	2	81,100,101,130,131,132,133,134,136,137,138,139,140,141,142,143,179,180,181,182,183,184,186,187,188,189,190,228,230,605,1020,9002,10018,10019,10021,10028,10036,10082,10088,10089,10102,10125
68	3	81,400,401,402,403,404,405,411,412,413,415,418,422,423,424,425,426,427,428,433,441,442,479,480,482,605,662,754,9002,10017,10023,10024,10026,10061,10062,10076,10082,10101,10125
68	4	81,300,301,303,305,306,309,310,311,312,313,314,316,346,347,355,356,357,358,359,360,361,362,363,364,365,366,367,368,369,370,371,372,588,605,778,9002,10000,10009,10011,10012,10014,10015,10077,10082,10103,10125
68	5	81,526,537,544,545,546,547,548,549,550,551,552,553,554,555,556,557,558,559,561,562,563,564,565,566,567,568,569,570,571,573,574,575,605,781,3003,9002,10068,10069,10070,10072,10078,10080,10081,10082,10104,10125
68	6	81,605,2209,2210,2211,2212,2213,2214,2215,2216,2217,2220,2221,2222,2223,2224,2225,2226,2229,2230,2231,2232,2233,2234,2235,2481,2487,9002,10082,10125,10171,10172,10173,10174,10175,10176,10193,10194
68	7	81,605,3087,3088,3089,3090,3091,3092,3093,3094,3095,3096,3097,3098,3099,3103,3104,3105,3106,3107,3108,3109,3112,3113,3114,3115,3116,3117,3216,3217,9002,10082,10125,10216,10218,10219,10220,10224,10225,10226,10227
68	8	81,605,1577,1578,1579,1581,1589,1593,1596,1600,1610,1613,1645,1646,1647,1649,1651,1655,1656,1663,1664,1665,1666,1667,1668,1866,1940,9002,10082,10125,10144,10145,10146,10148,10149,10150,10161
69	0	10,49,52,58,81,605,1160,9003,9004,9005,9006,10005,10010,10082,10095
69	1	81,200,232,233,234,235,236,237,238,239,240,241,242,243,245,246,247,248,249,250,251,252,254,255,257,258,259,260,261,498,605,740,745,9002,10002,10003,10031,10032,10033,10034,10035,10082,10100,10125
69	2	81,100,101,130,131,132,133,134,136,137,138,139,140,141,142,143,179,180,181,182,183,184,186,187,188,189,190,228,230,605,1020,9002,10018,10019,10021,10028,10036,10082,10088,10089,10102,10125
69	3	81,400,401,402,403,404,405,411,412,413,415,418,422,423,424,425,426,427,428,433,441,442,479,480,482,605,662,754,9002,10017,10023,10024,10026,10061,10062,10076,10082,10101,10125
69	4	81,300,301,303,305,306,309,310,311,312,313,314,316,346,347,355,356,357,358,359,360,361,362,363,364,365,366,367,368,369,370,371,372,588,605,778,9002,10000,10009,10011,10012,10014,10015,10077,10082,10103,10125
69	5	81,526,537,544,545,546,547,548,549,550,551,552,553,554,555,556,557,558,559,561,562,563,564,565,566,567,568,569,570,571,573,574,575,605,781,3003,9002,10068,10069,10070,10072,10078,10080,10081,10082,10104,10125
69	6	81,605,2209,2210,2211,2212,2213,2214,2215,2216,2217,2220,2221,2222,2223,2224,2225,2226,2229,2230,2231,2232,2233,2234,2235,2481,2487,9002,10082,10125,10171,10172,10173,10174,10175,10176,10193,10194
69	7	81,605,3087,3088,3089,3090,3091,3092,3093,3094,3095,3096,3097,3098,3099,3103,3104,3105,3106,3107,3108,3109,3112,3113,3114,3115,3116,3117,3216,3217,9002,10082,10125,10216,10218,10219,10220,10224,10225,10226,10227
69	8	81,605,1577,1578,1579,1581,1589,1593,1596,1600,1610,1613,1645,1646,1647,1649,1651,1655,1656,1663,1664,1665,1666,1667,1668,1866,1940,9002,10082,10125,10144,10145,10146,10148,10149,10150,10161
70	0	10,49,52,58,81,605,1160,9003,9004,9005,9006,10005,10010,10082,10095
70	1	35,81,200,232,233,234,235,236,237,238,239,240,241,242,243,245,246,247,248,249,250,251,252,254,255,257,258,259,260,261,498,605,740,745,9002,10002,10003,10031,10032,10033,10034,10035,10082,10100,10125
70	2	35,81,100,101,130,131,132,133,134,136,137,138,139,140,141,142,143,179,180,181,182,183,184,186,187,188,189,190,228,230,605,1020,9002,10018,10019,10021,10028,10036,10082,10088,10089,10102,10125
70	3	35,81,400,401,402,403,404,405,411,412,413,415,418,422,423,424,425,426,427,428,433,441,442,479,480,482,605,662,754,9002,10017,10023,10024,10026,10061,10062,10076,10082,10101,10125
70	4	35,81,300,301,303,305,306,309,310,311,312,313,314,316,346,347,355,356,357,358,359,360,361,362,363,364,365,366,367,368,369,370,371,372,588,605,778,9002,10000,10009,10011,10012,10014,10015,10077,10082,10103,10125
70	5	35,81,526,537,544,545,546,547,548,549,550,551,552,553,554,555,556,557,558,559,561,562,563,564,565,566,567,568,569,570,571,573,574,575,605,781,3003,9002,10068,10069,10070,10072,10078,10080,10081,10082,10104,10125
70	6	35,81,605,2209,2210,2211,2212,2213,2214,2215,2216,2217,2220,2221,2222,2223,2224,2225,2226,2229,2230,2231,2232,2233,2234,2235,2481,2487,9002,10082,10125,10171,10172,10173,10174,10175,10176,10193,10194
70	7	35,81,605,3087,3088,3089,3090,3091,3092,3093,3094,3095,3096,3097,3098,3099,3103,3104,3105,3106,3107,3108,3109,3112,3113,3114,3115,3116,3117,3216,3217,9002,10082,10125,10216,10218,10219,10220,10224,10225,10226,10227
70	8	35,81,605,1577,1578,1579,1581,1589,1593,1596,1600,1610,1613,1645,1646,1647,1649,1651,1655,1656,1663,1664,1665,1666,1667,1668,1866,1940,9002,10082,10125,10144,10145,10146,10148,10149,10150,10161
