ID	TabType	TabIndex
1	8	621
2	8	359
3	8	4009
4	8	809
5	8	1245
6	8	808
7	8	4006
8	8	111
9	8	112
10	8	113
11	8	115
12	8	118
13	8	123
14	8	619
15	8	624
16	8	4011
17	8	626
18	8	627
19	8	628
20	8	355
21	8	368
22	8	620
24	8	630
25	8	114
26	8	616
27	8	617
28	8	615
29	8	4008
30	8	1247
31	8	4010
32	8	4014
33	8	4030
34	8	4029
35	8	4031
36	8	4032
37	8	4033
38	8	4034
39	8	1244
40	8	1242
41	8	1246
42	8	1626
43	8	4325
44	8	117
45	8	101
46	8	4007
47	8	1881
48	8	1880
49	8	1884
50	8	1885
51	8	2018
52	8	2020
53	8	1697
54	8	1719
55	8	2248
56	8	2250
57	8	2427
58	8	2428
59	8	2777
60	8	2790
61	8	229
62	8	105
63	8	2805
64	8	2802
65	8	2804
66	8	2832
67	8	2816
68	8	2817
69	8	2820
70	8	2822
71	8	2824
72	8	2826
73	8	2827
74	8	2830
75	8	2831
76	8	3873
77	8	3872
78	8	3876
79	8	3878
80	8	4170
81	8	4171
82	8	2833
83	8	4210
84	8	4318
85	8	4319
86	8	4321
87	8	4323
88	8	4324
89	8	4767
90	8	4770
91	8	4771
92	8	4772
93	8	4826
94	8	4828
95	8	4961
96	8	5253
97	8	5343
98	8	5344
99	8	5345
100	8	5346
101	8	5352
102	8	5353
103	8	5354
104	8	5355
105	8	5356
