ID	TabType	TabIndex
0	8	0
1	8	100
2	8	102
3	8	103
4	8	110
5	8	1243
6	8	116
7	8	4035
8	8	120
9	8	121
10	8	122
11	8	124
12	8	622
13	8	623
14	8	354
15	8	356
16	8	357
17	8	358
18	8	4012
19	8	360
20	8	361
21	8	362
22	8	363
23	8	785
24	8	1249
25	8	1248
26	8	367
27	8	369
28	8	629
29	8	631
30	8	632
31	8	633
32	8	634
33	8	635
34	8	636
35	8	637
36	8	638
37	8	4005
38	8	618
39	8	625
40	8	614
41	8	104
42	8	1882
44	8	4013
45	8	4015
46	8	4016
47	8	4017
48	8	4024
49	8	4028
50	8	1250
51	8	1241
52	8	1883
53	8	353
54	8	1720
55	8	1702
56	8	1721
57	8	119
58	8	2019
59	8	2021
60	8	2076
61	8	2249
62	8	2251
63	8	2429
64	8	2624
65	8	2625
66	8	2626
67	8	2627
68	8	2628
69	8	2629
70	8	2630
71	8	2631
72	8	2632
73	8	2633
74	8	2778
75	8	2803
76	8	2806
77	8	2807
78	8	2808
79	8	2809
80	8	2810
81	8	2811
82	8	2812
83	8	2813
84	8	2814
85	8	2815
86	8	2818
87	8	2819
88	8	2821
89	8	2823
90	8	2825
91	8	2828
92	8	2829
93	8	3875
94	8	3874
95	8	3877
96	8	4164
97	8	4165
98	8	4166
99	8	4167
100	8	4168
101	8	4169
102	8	4209
103	8	4251
104	8	4320
105	8	4322
106	8	4768
107	8	4769
108	8	4827
109	8	4829
110	8	5347
111	8	5348
112	8	5349
113	8	5350
114	8	5351
115	8	5357
116	8	5358
