BookID	SegmentID	BookItemIndex	BookNumber	Sort	SubSort	Type	BookName	SegmentName	Desc	PageNum	PageID_0	PageID_1	PageID_2	PageID_3	PageID_4	PageID_5	PageID_6	PageID_7	PageID_8	PageID_9
0	0	3001	1	3	1	1	未知书籍		None	0	0	0	0	0	0	0	0	0	0	0
2	1	2858	2	2	1	1	沉香劈山	沉香劈山上篇	沉香救母之传说。	6	6	7	8	9	10	11				
2	2	3001	2	2	1	1	沉香劈山	沉香劈山下篇	沉香救母之传说。	7	12	13	14	15	16	17	440			
3	1	3528	1	3	3	1	毒尸若兰	毒尸若兰	若兰之故事。	3	18	19	20							
4	1	3529	2	3	3	1	万花茶典	万花茶典上篇	万花谷造茶秘术。	3	26	27	28							
4	2	5486	2	3	3	1	万花茶典	万花茶典下篇	万花谷造茶秘术。	2	29	30								
5	1	3526	8	3	1	1	太公家教	太公家教第一章	传为姜太公留下的启蒙之学。	2	31	32								
5	2	3528	8	3	1	1	太公家教	太公家教第二章	传为姜太公留下的启蒙之学。	2	33	34								
5	3	3526	8	3	1	1	太公家教	太公家教第三章	传为姜太公留下的启蒙之学。	2	35	36								
5	4	2858	8	3	1	1	太公家教	太公家教第四章	传为姜太公留下的启蒙之学。	2	37	38								
5	5	3001	8	3	1	1	太公家教	太公家教第五章	传为姜太公留下的启蒙之学。	2	1476	1477								
5	6	3001	8	3	1	1	太公家教	太公家教第六章	传为姜太公留下的启蒙之学。	2	1478	1479								
5	7	2858	8	3	1	1	太公家教	太公家教第七章	传为姜太公留下的启蒙之学。	2	1480	1481								
5	8	3001	8	3	1	1	太公家教	太公家教第八章	传为姜太公留下的启蒙之学。	2	1482	1483								
6	1	3001	3	3	1	2	古诗十九首辑录	古诗十九首上	乐府古诗，年代久远。	6	39	40	41	42	43	44				
6	2	3528	3	3	1	2	古诗十九首辑录	古诗十九首中	乐府古诗，年代久远。	6	45	46	47	48	49	50				
6	3	3001	3	3	1	2	古诗十九首辑录	古诗十九首下	乐府古诗，年代久远。	7	51	52	53	54	55	56	57			
7	1	3528	5	3	1	2	千字文	千字文第一章	梁朝周兴嗣所编之启蒙书。	2	1484	1485								
7	2	3001	5	3	1	2	千字文	千字文第二章	梁朝周兴嗣所编之启蒙书。	2	1486	1487								
7	3	2858	5	3	1	2	千字文	千字文第三章	梁朝周兴嗣所编之启蒙书。	2	1488	1489								
7	4	3001	5	3	1	2	千字文	千字文第四章	梁朝周兴嗣所编之启蒙书。	3	1490	1491	1492							
7	5	3001	5	3	1	2	千字文	千字文第五章	梁朝周兴嗣所编之启蒙书。	3	1493	1494	1495							
8	1	3001	8	3	3	1	剑侠山河志	山河志第一章	记载剑侠大唐疆域地理之书。	2	68	69								
8	2	3001	8	3	3	1	剑侠山河志	山河志第二章	记载剑侠大唐疆域地理之书。	2	70	71								
8	3	3001	8	3	3	1	剑侠山河志	山河志第三章	记载剑侠大唐疆域地理之书。	2	72	73								
8	4	3001	8	3	3	1	剑侠山河志	山河志第四章	记载剑侠大唐疆域地理之书。	2	74	75								
8	5	2858	8	3	3	1	剑侠山河志	山河志第五章	记载剑侠大唐疆域地理之书。	2	76	77								
8	6	3528	8	3	3	1	剑侠山河志	山河志第六章	记载剑侠大唐疆域地理之书。	2	78	79								
8	7	2858	8	3	3	1	剑侠山河志	山河志第七章	记载剑侠大唐疆域地理之书。	2	80	81								
8	8	2858	8	3	3	1	剑侠山河志	山河志第八章	记载剑侠大唐疆域地理之书。	3	82	83	84							
9	1	3528	8	3	3	2	神兵宝鉴・剑部	剑部第一	记载历代宝剑之书。	3	85	86	87							
9	2	3001	8	3	3	2	神兵宝鉴・剑部	剑部第二	记载历代宝剑之书。	3	88	89	90							
9	3	2858	8	3	3	2	神兵宝鉴・剑部	剑部第三	记载历代宝剑之书。	3	91	92	93							
9	4	3001	8	3	3	2	神兵宝鉴・剑部	剑部第四	记载历代宝剑之书。	3	94	95	96							
9	5	3001	8	3	3	2	神兵宝鉴・剑部	剑部第五	记载历代宝剑之书。	3	97	98	99							
9	6	2858	8	3	3	2	神兵宝鉴・剑部	剑部第六	记载历代宝剑之书。	3	100	101	102							
9	7	3001	8	3	3	2	神兵宝鉴・剑部	剑部第七	记载历代宝剑之书。	2	441	442								
9	8	2858	8	3	3	2	神兵宝鉴・剑部	剑部第八	记载历代宝剑之书。	3	443	444	445							
10	1	3001	7	3	1	2	诗经选录・卷一	关雎	选于诗经，千古留名。	1	437									
10	2	2858	7	3	1	2	诗经选录・卷一	卷耳	选于诗经，千古留名。	1	103									
10	3	3001	7	3	1	2	诗经选录・卷一	湍	选于诗经，千古留名。	1	104									
10	4	2858	7	3	1	2	诗经选录・卷一	螽斯	选于诗经，千古留名。	1	105									
10	5	3001	7	3	1	2	诗经选录・卷一	桃夭	选于诗经，千古留名。	1	106									
10	6	3001	7	3	1	2	诗经选录・卷一	兔D	选于诗经，千古留名。	1	107									
10	7	2858	7	3	1	2	诗经选录・卷一	行露	选于诗经，千古留名。	1	108									
11	1	3001	7	3	1	2	青岩诗钞・卷一	归园田居	万花谷文人所编纂的诗歌辑录。	5	109	110	111	112	113					
11	2	2858	7	3	1	2	青岩诗钞・卷一	归鸟	万花谷文人所编纂的诗歌辑录。	4	114	115	116	117						
11	3	3001	7	3	1	2	青岩诗钞・卷一	劝农	万花谷文人所编纂的诗歌辑录。	6	118	119	120	121	122	123				
11	4	2858	7	3	1	2	青岩诗钞・卷一	停云并序	万花谷文人所编纂的诗歌辑录。	4	124	125	126	127						
11	5	3001	7	3	1	2	青岩诗钞・卷一	荣木并序	万花谷文人所编纂的诗歌辑录。	4	128	129	130	131						
11	6	3001	7	3	1	2	青岩诗钞・卷一	命子上	万花谷文人所编纂的诗歌辑录。	5	132	133	134	135	136					
11	7	2858	7	3	1	2	青岩诗钞・卷一	命子下	万花谷文人所编纂的诗歌辑录。	5	137	138	139	140	141					
12	1	3001	2	1	1	1	般若波罗密多心经	般若波罗密多心经	释门经典。	4	1470	1471	1472	1815						
12	2	3001	2	1	1	2	般若波罗密多心经	大藏经	释门经典。	5	21	22	23	24	25					
13	1	3001	4	1	1	1	盂兰盆经	盂兰盆经第一章	以修孝顺励佛弟子的旨意的释门经典。	2	145	146								
13	2	3001	4	1	1	1	盂兰盆经	盂兰盆经第二章	以修孝顺励佛弟子的旨意的释门经典。	2	147	148								
13	3	3001	4	1	1	1	盂兰盆经	盂兰盆经第三章	以修孝顺励佛弟子的旨意的释门经典。	2	149	150								
13	4	3001	4	1	1	1	盂兰盆经	盂兰盆经第四章	以修孝顺励佛弟子的旨意的释门经典。	2	151	152								
14	1	3001	5	1	1	1	青灯笑语	蜀鄙之僧	佛门中的趣事。	2	153	1677								
14	2	2858	5	1	1	1	青灯笑语	破戒	佛门中的趣事。	2	154	1676								
14	3	2858	5	1	1	1	青灯笑语	静坐	佛门中的趣事。	2	155	156								
14	4	3528	5	1	1	1	青灯笑语	化缘	佛门中的趣事。	2	157	158								
14	5	3001	5	1	1	1	青灯笑语	毒药	佛门中的趣事。	2	159	160								
15	1	3001	8	1	1	1	佛藏拾珠・卷一	贪引恶鬼品	少林弟子所选编的佛经故事。	1	161									
15	2	3001	8	1	1	1	佛藏拾珠・卷一	力士鹦鹉品	少林弟子所选编的佛经故事。	2	162	1678								
15	3	3001	8	1	1	1	佛藏拾珠・卷一	乌枭报怨品	少林弟子所选编的佛经故事。	1	163									
15	4	3001	8	1	1	1	佛藏拾珠・卷一	梵志献花品	少林弟子所选编的佛经故事。	2	164	1717								
15	5	3001	8	1	1	1	佛藏拾珠・卷一	盲人点灯品	少林弟子所选编的佛经故事。	3	165	446	166							
15	6	3001	8	1	1	1	佛藏拾珠・卷一	回头是岸品	少林弟子所选编的佛经故事。	3	167	168	447							
15	7	3001	8	1	1	1	佛藏拾珠・卷一	佛珠生菇品	少林弟子所选编的佛经故事。	3	169	170	448							
15	8	2858	8	1	1	1	佛藏拾珠・卷一	信徒遇溺品	少林弟子所选编的佛经故事。	2	171	172								
16	1	3001	8	1	1	1	佛藏拾珠・卷二	观音自拜品	少林弟子所选编的佛经故事。	2	173	174								
16	2	3001	8	1	1	1	佛藏拾珠・卷二	破杯悟禅品	少林弟子所选编的佛经故事。	3	175	176	453							
16	3	3001	8	1	1	1	佛藏拾珠・卷二	作龙虎画品	少林弟子所选编的佛经故事。	2	177	178								
16	4	3001	8	1	1	1	佛藏拾珠・卷二	老妇烧庵品	少林弟子所选编的佛经故事。	2	179	180								
16	5	3528	8	1	1	1	佛藏拾珠・卷二	童子辩禅品	少林弟子所选编的佛经故事。	3	181	182	449							
16	6	3528	8	1	1	1	佛藏拾珠・卷二	婆罗门妻品	少林弟子所选编的佛经故事。	8	183	184	185	186	187	188	189	450		
16	7	2858	8	1	1	1	佛藏拾珠・卷二	四马之喻品	少林弟子所选编的佛经故事。	7	190	191	192	193	194	451	454			
16	8	2858	8	1	1	1	佛藏拾珠・卷二	大萨他婆品	少林弟子所选编的佛经故事。	2	195	196								
17	1	3001	8	2	1	1	道德经・卷一	道德经卷一其一	道家圣典，太上老君老子所传。	2	197	198								
17	2	3001	8	2	1	1	道德经・卷一	道德经卷一其二	道家圣典，太上老君老子所传。	2	199	200								
17	3	3001	8	2	1	1	道德经・卷一	道德经卷一其三	道家圣典，太上老君老子所传。	2	201	202								
17	4	3001	8	2	1	1	道德经・卷一	道德经卷一其四	道家圣典，太上老君老子所传。	2	203	204								
17	5	3001	8	2	1	1	道德经・卷一	道德经卷一其五	道家圣典，太上老君老子所传。	2	205	206								
17	6	3001	8	2	1	1	道德经・卷一	道德经卷一其六	道家圣典，太上老君老子所传。	2	207	208								
17	7	3001	8	2	1	1	道德经・卷一	道德经卷一其七	道家圣典，太上老君老子所传。	2	209	210								
17	8	3001	8	2	1	1	道德经・卷一	道德经卷一其八	道家圣典，太上老君老子所传。	2	211	212								
18	1	3001	8	3	1	1	论语・卷一	论语卷一其一	儒家圣典，记载孔夫子及众弟子言行之书。	2	213	214								
18	2	3001	8	3	1	1	论语・卷一	论语卷一其二	儒家圣典，记载孔夫子及众弟子言行之书。	2	215	216								
18	3	3001	8	3	1	1	论语・卷一	论语卷一其三	儒家圣典，记载孔夫子及众弟子言行之书。	2	217	218								
18	4	3001	8	3	1	1	论语・卷一	论语卷一其四	儒家圣典，记载孔夫子及众弟子言行之书。	2	219	1718								
18	5	3001	8	3	1	1	论语・卷一	论语卷一其五	儒家圣典，记载孔夫子及众弟子言行之书。	2	220	221								
18	6	3001	8	3	1	1	论语・卷一	论语卷一其六	儒家圣典，记载孔夫子及众弟子言行之书。	2	222	223								
18	7	3001	8	3	1	1	论语・卷一	论语卷一其七	儒家圣典，记载孔夫子及众弟子言行之书。	3	224	225	1679							
18	8	2858	8	3	1	1	论语・卷一	论语卷一其八	儒家圣典，记载孔夫子及众弟子言行之书。	2	226	1719								
19	1	3001	8	2	1	1	纯阳会真录	轩辕黄帝传	纯阳教所编录之仙圣传说。	4	227	228	229	455						
19	2	3001	8	2	1	1	纯阳会真录	太上老子传	纯阳教所编录之仙圣传说。	2	230	231								
19	3	3001	8	2	1	1	纯阳会真录	文始先生传	纯阳教所编录之仙圣传说。	2	232	233								
19	4	3001	8	2	1	1	纯阳会真录	南华真人传	纯阳教所编录之仙圣传说。	2	234	235								
19	5	3001	8	2	1	1	纯阳会真录	列子真人传	纯阳教所编录之仙圣传说。	2	236	237								
19	6	3001	8	2	1	1	纯阳会真录	天师道陵传	纯阳教所编录之仙圣传说。	2	238	239								
19	7	3001	8	2	1	1	纯阳会真录	云牙真人传	纯阳教所编录之仙圣传说。	2	240	241								
19	8	2858	8	2	1	1	纯阳会真录	仙翁葛玄传	纯阳教所编录之仙圣传说。	2	242	243								
20	1	2858	8	3	1	2	青岩诗钞・卷二	少年行	万花谷文人所编纂的诗歌辑录。	2	244	245								
20	2	3001	8	3	1	2	青岩诗钞・卷二	渭城曲	万花谷文人所编纂的诗歌辑录。	1	246									
20	3	3001	8	3	1	2	青岩诗钞・卷二	关山月	万花谷文人所编纂的诗歌辑录。	1	247									
20	4	3001	8	3	1	2	青岩诗钞・卷二	荆州歌	万花谷文人所编纂的诗歌辑录。	1	248									
20	5	3001	8	3	1	2	青岩诗钞・卷二	子夜吴歌之春歌	万花谷文人所编纂的诗歌辑录。	1	249									
20	6	3001	8	3	1	2	青岩诗钞・卷二	子夜吴歌之夏歌	万花谷文人所编纂的诗歌辑录。	1	250									
20	7	3001	8	3	1	2	青岩诗钞・卷二	子夜吴歌之秋歌	万花谷文人所编纂的诗歌辑录。	1	251									
20	8	2858	8	3	1	2	青岩诗钞・卷二	子夜吴歌之冬歌	万花谷文人所编纂的诗歌辑录。	1	252									
21	1	3001	8	3	3	2	神兵宝鉴・枪部	枪部第一章	记载历代神枪之书。	1	253									
21	2	3001	8	3	3	2	神兵宝鉴・枪部	枪部第二章	记载历代神枪之书。	1	254									
21	3	2858	8	3	3	2	神兵宝鉴・枪部	枪部第三章	记载历代神枪之书。	1	255									
21	4	2858	8	3	3	2	神兵宝鉴・枪部	枪部第四章	记载历代神枪之书。	1	256									
21	5	2858	8	3	3	2	神兵宝鉴・枪部	枪部第五章	记载历代神枪之书。	2	257	1682								
21	6	3001	8	3	3	2	神兵宝鉴・枪部	枪部第六章	记载历代神枪之书。	2	258	1680								
21	7	2858	8	3	3	2	神兵宝鉴・枪部	枪部第七章	记载历代神枪之书。	2	259	1681								
21	8	2859	8	3	3	2	神兵宝鉴・枪部	枪部第八章	记载历代神枪之书。	2	260	261								
22	1	2861	8	3	3	1	剑侠武林志・卷一	武林志卷一第一章	记载大唐武林见闻之书。	2	438	1720								
22	2	2861	8	3	3	1	剑侠武林志・卷一	武林志卷一第二章	记载大唐武林见闻之书。	2	419	482								
22	3	2861	8	3	3	1	剑侠武林志・卷一	武林志卷一第三章	记载大唐武林见闻之书。	2	420	483								
22	4	2861	8	3	3	1	剑侠武林志・卷一	武林志卷一第四章	记载大唐武林见闻之书。	2	421	484								
22	5	2861	8	3	3	1	剑侠武林志・卷一	武林志卷一第五章	记载大唐武林见闻之书。	2	492	493								
22	6	2861	8	3	3	1	剑侠武林志・卷一	武林志卷一第六章	记载大唐武林见闻之书。	2	494	495								
22	7	2861	8	3	3	1	剑侠武林志・卷一	武林志卷一第七章	记载大唐武林见闻之书。	2	496	497								
22	8	2861	8	3	3	1	剑侠武林志・卷一	武林志卷一第八章	记载大唐武林见闻之书。	2	498	499								
23	1	3001	2	1	3	1	十三棍僧救唐王	十三棍僧救唐王上	少林僧众助太宗定江山之故事。	3	262	263	264							
23	2	3001	2	1	3	1	十三棍僧救唐王	十三棍僧救唐王下	少林僧众助太宗定江山之故事。	4	265	266	267	268						
24	1	3001	7	1	1	2	云水禅诗・卷一	见性偈	悟禅论理，心如云水。	1	269									
24	2	3001	7	1	1	2	云水禅诗・卷一	渔家傲上	悟禅论理，心如云水。	2	270	271								
24	3	3001	7	1	1	2	云水禅诗・卷一	渔家傲下	悟禅论理，心如云水。	2	272	273								
24	4	3001	7	1	1	2	云水禅诗・卷一	神照本如开悟诗	悟禅论理，心如云水。	1	274									
24	5	2858	7	1	1	2	云水禅诗・卷一	洞山开悟诗	悟禅论理，心如云水。	1	275									
24	6	2858	7	1	1	2	云水禅诗・卷一	龙门清远开悟诗	悟禅论理，心如云水。	1	276									
24	7	3528	7	1	1	2	云水禅诗・卷一	何山守旬开悟诗	悟禅论理，心如云水。	1	277									
25	1	3528	1	1	1	1	皇帝嵩岳少林寺碑	皇帝嵩岳少林寺碑	太宗表彰少林寺僧助唐平定王世充的战功。	2	422	423								
26	1	3528	2	1	1	1	佛说老女人经	佛说老女人经上部	佛门经典。	3	278	279	280							
26	2	3001	2	1	1	1	佛说老女人经	佛说老女人经下部	佛门经典。	3	281	282	283							
27	1	3001	8	1	1	1	世尊释迦传	释迦传略	佛祖释迦牟之生平。	2	284	285								
27	2	3001	8	1	1	1	世尊释迦传	第一章・梦象受孕	佛祖释迦牟之生平。	2	286	287								
27	3	3528	8	1	1	1	世尊释迦传	第二章・七步莲花	佛祖释迦牟之生平。	2	288	289								
27	4	3001	8	1	1	1	世尊释迦传	第三章・姨母抚育	佛祖释迦牟之生平。	2	290	291								
27	5	2859	8	1	1	1	世尊释迦传	第四章・出游感苦	佛祖释迦牟之生平。	2	292	293								
27	6	2861	8	1	1	1	世尊释迦传	第五章・夜别妻儿	佛祖释迦牟之生平。	2	294	295								
27	7	2862	8	1	1	1	世尊释迦传	第六章・夜渡凡尘	佛祖释迦牟之生平。	2	296	297								
27	8	2862	8	1	1	1	世尊释迦传	第七章・削发更衣	佛祖释迦牟之生平。	2	298	299								
28	1	3528	7	2	2	1	鬼谷子本经阴符七术	鬼谷子本经阴符七术之一	鬼谷子所传养神蓄锐之道。	2	300	301								
28	2	3001	7	2	2	1	鬼谷子本经阴符七术	鬼谷子本经阴符七术之二	鬼谷子所传养神蓄锐之道。	2	302	303								
28	3	2858	7	2	2	1	鬼谷子本经阴符七术	鬼谷子本经阴符七术之三	鬼谷子所传养神蓄锐之道。	3	304	305	1683							
28	4	2859	7	2	2	1	鬼谷子本经阴符七术	鬼谷子本经阴符七术之四	鬼谷子所传养神蓄锐之道。	3	306	307	1684							
28	5	2861	7	2	2	1	鬼谷子本经阴符七术	鬼谷子本经阴符七术之五	鬼谷子所传养神蓄锐之道。	2	308	309								
28	6	2862	7	2	2	1	鬼谷子本经阴符七术	鬼谷子本经阴符七术之六	鬼谷子所传养神蓄锐之道。	2	310	311								
28	7	2862	7	2	2	1	鬼谷子本经阴符七术	鬼谷子本经阴符七术之七	鬼谷子所传养神蓄锐之道。	2	312	313								
29	1	3528	1	2	1	1	黄帝阴符经	黄帝阴符经	轩辕黄帝所传之经书。	4	315	316	317	452						
30	1	3528	7	2	1	1	道德经・卷二	道德经卷二其一	道家圣典，太上老君老子所传。	2	318	319								
30	2	3001	7	2	1	1	道德经・卷二	道德经卷二其二	道家圣典，太上老君老子所传。	2	320	321								
30	3	3001	7	2	1	1	道德经・卷二	道德经卷二其三	道家圣典，太上老君老子所传。	2	322	323								
30	4	3001	7	2	1	1	道德经・卷二	道德经卷二其四	道家圣典，太上老君老子所传。	2	324	325								
30	5	3001	7	2	1	1	道德经・卷二	道德经卷二其五	道家圣典，太上老君老子所传。	2	326	327								
30	6	3001	7	2	1	1	道德经・卷二	道德经卷二其六	道家圣典，太上老君老子所传。	2	328	329								
30	7	3001	7	2	1	1	道德经・卷二	道德经卷二其七	道家圣典，太上老君老子所传。	2	330	331								
31	1	2858	7	2	1	1	纯阳立教十五论	纯阳立教论第一章	纯阳子吕洞宾真人所立下的门规。	2	332	333								
31	2	3528	7	2	1	1	纯阳立教十五论	纯阳立教论第二章	纯阳子吕洞宾真人所立下的门规。	2	334	335								
31	3	2858	7	2	1	1	纯阳立教十五论	纯阳立教论第三章	纯阳子吕洞宾真人所立下的门规。	2	336	337								
31	4	3001	7	2	1	1	纯阳立教十五论	纯阳立教论第四章	纯阳子吕洞宾真人所立下的门规。	2	338	339								
31	5	3001	7	2	1	1	纯阳立教十五论	纯阳立教论第五章	纯阳子吕洞宾真人所立下的门规。	2	340	341								
31	6	3001	7	2	1	1	纯阳立教十五论	纯阳立教论第六章	纯阳子吕洞宾真人所立下的门规。	2	342	343								
31	7	2858	7	2	1	1	纯阳立教十五论	纯阳立教论第七章	纯阳子吕洞宾真人所立下的门规。	3	344	345	346							
32	1	3529	7	3	3	1	药王百花谱	药王百花谱之一	花谷药王孙思邈所著的花草药性之说。	4	424	486	425	487						
32	2	3529	7	3	3	1	药王百花谱	药王百花谱之二	花谷药王孙思邈所著的花草药性之说。	3	426	488	427							
32	3	3529	7	3	3	1	药王百花谱	药王百花谱之三	花谷药王孙思邈所著的花草药性之说。	2	428	429								
32	4	2862	7	3	3	1	药王百花谱	药王百花谱之四	花谷药王孙思邈所著的花草药性之说。	2	1496	1497								
32	5	2862	7	3	3	1	药王百花谱	药王百花谱之五	花谷药王孙思邈所著的花草药性之说。	2	1498	1499								
32	6	2862	7	3	3	1	药王百花谱	药王百花谱之六	花谷药王孙思邈所著的花草药性之说。	2	1500	1501								
32	7	2862	7	3	3	1	药王百花谱	药王百花谱之七	花谷药王孙思邈所著的花草药性之说。	2	1502	1503								
33	1	3001	7	3	4	2	毒览	毒览第一章・断肠草	五毒教所秘藏的天下奇毒之书。	1	430									
33	2	3001	7	3	4	2	毒览	毒览第二章・鹤顶红	五毒教所秘藏的天下奇毒之书。	1	431									
33	3	3001	7	3	4	2	毒览	毒览第三章・一钩吻	五毒教所秘藏的天下奇毒之书。	1	432									
33	4	2859	7	3	4	2	毒览	毒览第四章・鸩酒	五毒教所秘藏的天下奇毒之书。	1	433									
33	5	2859	7	3	4	2	毒览	毒览第五章・见血封喉	五毒教所秘藏的天下奇毒之书。	2	434	489								
33	6	3001	7	3	4	2	毒览	毒览第六章・乌头	五毒教所秘藏的天下奇毒之书。	2	435	490								
33	7	3001	7	3	4	2	毒览	毒览第七章・情花	五毒教所秘藏的天下奇毒之书。	2	436	491								
34	1	2859	6	3	2	2	三十六计	三十六计第一章	古人流传下来的秘本兵法。	2	347	348								
34	2	2858	6	3	2	2	三十六计	三十六计第二章	古人流传下来的秘本兵法。	2	349	350								
34	3	3001	6	3	2	2	三十六计	三十六计第三章	古人流传下来的秘本兵法。	2	351	352								
34	4	2858	6	3	2	2	三十六计	三十六计第四章	古人流传下来的秘本兵法。	2	456	457								
34	5	3528	6	3	2	2	三十六计	三十六计第五章	古人流传下来的秘本兵法。	2	458	459								
34	6	3528	6	3	2	2	三十六计	三十六计第六章	古人流传下来的秘本兵法。	2	460	461								
35	1	3528	7	1	1	1	佛藏拾珠・卷三	白象狮子品	少林弟子所选编的佛经故事。	2	353	354								
35	2	3528	7	1	1	1	佛藏拾珠・卷三	五百商客品	少林弟子所选编的佛经故事。	3	355	356	357							
35	3	3001	7	1	1	1	佛藏拾珠・卷三	一村菊香品	少林弟子所选编的佛经故事。	3	358	359	462							
35	4	3001	7	1	1	1	佛藏拾珠・卷三	雁王说法品	少林弟子所选编的佛经故事。	4	360	361	362	463						
35	5	2858	7	1	1	1	佛藏拾珠・卷三	富人四妻品	少林弟子所选编的佛经故事。	3	363	364	464							
35	6	2858	7	1	1	1	佛藏拾珠・卷三	愚友似敌品	少林弟子所选编的佛经故事。	2	365	366								
35	7	3001	7	1	1	1	佛藏拾珠・卷三	生忧死忧品	少林弟子所选编的佛经故事。	4	367	368	369	465						
36	1	3528	8	1	1	2	金刚经・卷一	金刚经卷一第一章	释门圣典，按照此经修持能成就金刚不坏之本质。	2	370	371								
36	2	3001	8	1	1	2	金刚经・卷一	金刚经卷一第二章	释门圣典，按照此经修持能成就金刚不坏之本质。	2	372	373								
36	3	3001	8	1	1	2	金刚经・卷一	金刚经卷一第三章	释门圣典，按照此经修持能成就金刚不坏之本质。	3	374	375	376							
36	4	3001	8	1	1	2	金刚经・卷一	金刚经卷一第四章	释门圣典，按照此经修持能成就金刚不坏之本质。	2	377	378								
36	5	2858	8	1	1	2	金刚经・卷一	金刚经卷一第五章	释门圣典，按照此经修持能成就金刚不坏之本质。	3	379	380	466							
36	6	3001	8	1	1	2	金刚经・卷一	金刚经卷一第六章	释门圣典，按照此经修持能成就金刚不坏之本质。	2	381	382								
36	7	3001	8	1	1	2	金刚经・卷一	金刚经卷一第七章	释门圣典，按照此经修持能成就金刚不坏之本质。	3	383	384	467							
36	8	3528	8	1	1	2	金刚经・卷一	金刚经卷一第八章	释门圣典，按照此经修持能成就金刚不坏之本质。	4	385	386	387	468						
37	1	3001	4	1	1	2	金刚经・卷二	金刚经卷二第一章	释门圣典，按照此经修持能成就金刚不坏之本质。	2	388	389								
37	2	2858	4	1	1	2	金刚经・卷二	金刚经卷二第二章	释门圣典，按照此经修持能成就金刚不坏之本质。	2	390	391								
37	3	3001	4	1	1	2	金刚经・卷二	金刚经卷二第三章	释门圣典，按照此经修持能成就金刚不坏之本质。	4	382	393	394	469						
37	4	3001	4	1	1	2	金刚经・卷二	金刚经卷二第四章	释门圣典，按照此经修持能成就金刚不坏之本质。	2	395	396								
38	1	3528	8	3	1	1	论语・卷二	论语卷二其一	儒家圣典，记载孔夫子及众弟子言行之书。	2	397	470								
38	2	3001	8	3	1	1	论语・卷二	论语卷二其二	儒家圣典，记载孔夫子及众弟子言行之书。	2	398	471								
38	3	3001	8	3	1	1	论语・卷二	论语卷二其三	儒家圣典，记载孔夫子及众弟子言行之书。	2	399	472								
38	4	3001	8	3	1	1	论语・卷二	论语卷二其四	儒家圣典，记载孔夫子及众弟子言行之书。	2	400	473								
38	5	3001	8	3	1	1	论语・卷二	论语卷二其五	儒家圣典，记载孔夫子及众弟子言行之书。	2	401	474								
38	6	3001	8	3	1	1	论语・卷二	论语卷二其六	儒家圣典，记载孔夫子及众弟子言行之书。	2	402	475								
38	7	3001	8	3	1	1	论语・卷二	论语卷二其七	儒家圣典，记载孔夫子及众弟子言行之书。	2	403	476								
38	8	2858	8	3	1	1	论语・卷二	论语卷二其八	儒家圣典，记载孔夫子及众弟子言行之书。	2	404	477								
39	1	3528	8	2	1	2	吕祖百字碑疏义	吕祖百字碑文	纯阳子百字碑碑文及其释义。	1	405									
39	2	3001	8	2	1	2	吕祖百字碑疏义	吕祖百字碑疏义其一	纯阳子百字碑碑文及其释义。	2	406	407								
39	3	3001	8	2	1	2	吕祖百字碑疏义	吕祖百字碑疏义其二	纯阳子百字碑碑文及其释义。	3	408	478	409							
39	4	2858	8	2	1	2	吕祖百字碑疏义	吕祖百字碑疏义其三	纯阳子百字碑碑文及其释义。	3	410	411	479							
39	5	3001	8	2	1	2	吕祖百字碑疏义	吕祖百字碑疏义其四	纯阳子百字碑碑文及其释义。	2	412	480								
39	6	2859	8	2	1	2	吕祖百字碑疏义	吕祖百字碑疏义其五	纯阳子百字碑碑文及其释义。	2	413	414								
39	7	3001	8	2	1	2	吕祖百字碑疏义	吕祖百字碑疏义其六	纯阳子百字碑碑文及其释义。	2	415	416								
39	8	3001	8	2	1	2	吕祖百字碑疏义	吕祖百字碑疏义其七	纯阳子百字碑碑文及其释义。	2	417	481								
40	1	3528	1	2	4	2	吕祖长生方	吕祖长生方	吕祖游庐山，遇异人受长生诀而得道。	6	1	2	3	4	5	439				
41	1	3001	8	3	1	2	诗经选录・卷二	鹊巢	选于诗经，千古留名。	1	500									
41	2	3001	8	3	1	2	诗经选录・卷二	羔羊	选于诗经，千古留名。	1	501									
41	3	3528	8	3	1	2	诗经选录・卷二	绿衣	选于诗经，千古留名。	1	502									
41	4	2858	8	3	1	2	诗经选录・卷二	终风	选于诗经，千古留名。	1	503									
41	5	3001	8	3	1	2	诗经选录・卷二	击鼓	选于诗经，千古留名。	1	504									
41	6	2858	8	3	1	2	诗经选录・卷二	凯风	选于诗经，千古留名。	1	505									
41	7	3001	8	3	1	2	诗经选录・卷二	式微	选于诗经，千古留名。	1	506									
41	8	2859	8	3	1	2	诗经选录・卷二	静女	选于诗经，千古留名。	1	507									
42	1	3528	8	3	2	1	琴典	琴典第一章	大唐四典之一，论琴之书。	2	1212	1213								
42	2	3528	8	3	2	1	琴典	琴典第二章	大唐四典之一，论琴之书。	3	1214	1215	1216							
42	3	3528	8	3	2	1	琴典	琴典第三章	大唐四典之一，论琴之书。	3	1217	1218	1219							
42	4	3001	8	3	2	1	琴典	琴典第四章	大唐四典之一，论琴之书。	2	1220	1221								
42	5	3001	8	3	2	1	琴典	琴典第五章	大唐四典之一，论琴之书。	2	1222	1223								
42	6	2858	8	3	2	1	琴典	琴典第六章	大唐四典之一，论琴之书。	2	1224	1225								
42	7	3001	8	3	2	1	琴典	琴典第七章	大唐四典之一，论琴之书。	4	1226	1229	1230	1231						
42	8	3001	8	3	2	1	琴典	琴典第八章	大唐四典之一，论琴之书。	2	1227	1228								
43	1	3001	8	3	1	2	诗经选录・卷三	木瓜	选于诗经，千古留名。	1	508									
43	2	2858	8	3	1	2	诗经选录・卷三	君子于役	选于诗经，千古留名。	1	509									
43	3	3528	8	3	1	2	诗经选录・卷三	君子阳阳	选于诗经，千古留名。	1	510									
43	4	3528	8	3	1	2	诗经选录・卷三	采葛	选于诗经，千古留名。	1	511									
43	5	2858	8	3	1	2	诗经选录・卷三	丘中有麻	选于诗经，千古留名。	1	512									
43	6	3001	8	3	1	2	诗经选录・卷三	叔于田	选于诗经，千古留名。	1	513									
43	7	3001	8	3	1	2	诗经选录・卷三	羔裘	选于诗经，千古留名。	1	514									
43	8	3001	8	3	1	2	诗经选录・卷三	有女同车	选于诗经，千古留名。	1	515									
44	1	3528	8	3	3	2	隐元兵器谱・笔	笔章第一	大唐武林兵器排行之笔章，隐元会所录。	1	593									
44	2	3001	8	3	3	2	隐元兵器谱・笔	笔章第二	大唐武林兵器排行之笔章，隐元会所录。	1	594									
44	3	2859	8	3	3	2	隐元兵器谱・笔	笔章第三	大唐武林兵器排行之笔章，隐元会所录。	1	595									
44	4	3001	8	3	3	2	隐元兵器谱・笔	笔章第四	大唐武林兵器排行之笔章，隐元会所录。	1	596									
44	5	2859	8	3	3	2	隐元兵器谱・笔	笔章第五	大唐武林兵器排行之笔章，隐元会所录。	1	597									
44	6	3001	8	3	3	2	隐元兵器谱・笔	笔章第六	大唐武林兵器排行之笔章，隐元会所录。	1	598									
44	7	2859	8	3	3	2	隐元兵器谱・笔	笔章第七	大唐武林兵器排行之笔章，隐元会所录。	2	599	600								
44	8	3001	8	3	3	2	隐元兵器谱・笔	笔章第八	大唐武林兵器排行之笔章，隐元会所录。	1	601									
45	1	3001	4	3	3	1	徐淮行医录	徐淮行医录之一	徐淮记述毕生行医足迹的笔记。	5	1872	1873	1874	1875	1876					
45	2	2858	4	3	3	1	徐淮行医录	徐淮行医录之二	徐淮记述毕生行医足迹的笔记。	4	1877	1878	1879	1880						
45	3	2859	4	3	3	1	徐淮行医录	徐淮行医录之三	徐淮记述毕生行医足迹的笔记。	3	1881	1882	1883							
45	4	2859	4	3	3	1	徐淮行医录	徐淮行医录之四	徐淮记述毕生行医足迹的笔记。	5	1884	1885	1886	1887	1888					
46	1	2858	4	3	3	1	大唐江湖录上卷	初唐四杰	记录武林重大事件之书。	3	1898	1899	1900							
46	2	2859	4	3	3	1	大唐江湖录上卷	天下三智惟逊一秋	记录武林重大事件之书。	2	1901	1902								
46	3	3001	4	3	3	1	大唐江湖录上卷	枫华谷之战	记录武林重大事件之书。	2	1903	1904								
46	4	2859	4	3	3	1	大唐江湖录上卷	延载惨变	记录武林重大事件之书。	2	1905	1906								
47	1	2859	7	3	1	2	青岩诗钞・卷三	秋夜长	万花谷文人所编纂的诗歌辑录。	1	548									
47	2	3528	7	3	1	2	青岩诗钞・卷三	滕王阁	万花谷文人所编纂的诗歌辑录。	1	549									
47	3	3001	7	3	1	2	青岩诗钞・卷三	江南弄	万花谷文人所编纂的诗歌辑录。	1	550									
47	4	3001	7	3	1	2	青岩诗钞・卷三	山亭夜宴	万花谷文人所编纂的诗歌辑录。	1	551									
47	5	2859	7	3	1	2	青岩诗钞・卷三	咏风	万花谷文人所编纂的诗歌辑录。	1	552									
47	6	2859	7	3	1	2	青岩诗钞・卷三	怀仙	万花谷文人所编纂的诗歌辑录。	1	553									
47	7	3001	7	3	1	2	青岩诗钞・卷三	杂曲	万花谷文人所编纂的诗歌辑录。	1	554									
48	1	2859	8	3	1	2	青岩诗钞・卷四	塞下曲（一）	万花谷文人所编纂的诗歌辑录。	2	555	556								
48	2	3001	8	3	1	2	青岩诗钞・卷四	塞下曲（二）	万花谷文人所编纂的诗歌辑录。	2	557	558								
48	3	3528	8	3	1	2	青岩诗钞・卷四	初日	万花谷文人所编纂的诗歌辑录。	1	559									
48	4	2859	8	3	1	2	青岩诗钞・卷四	从军行（一）	万花谷文人所编纂的诗歌辑录。	2	560	561								
48	5	2859	8	3	1	2	青岩诗钞・卷四	从军行（二）	万花谷文人所编纂的诗歌辑录。	2	562	563								
48	6	3001	8	3	1	2	青岩诗钞・卷四	从军行（三）	万花谷文人所编纂的诗歌辑录。	3	564	565	566							
48	7	3001	8	3	1	2	青岩诗钞・卷四	出塞	万花谷文人所编纂的诗歌辑录。	1	567									
48	8	2859	8	3	1	2	青岩诗钞・卷四	采莲曲二首	万花谷文人所编纂的诗歌辑录。	1	568									
49	1	2858	8	3	2	2	棋典	棋典第一章	大唐四典之一，论棋之书。	2	1232	1233								
49	2	3528	8	3	2	2	棋典	棋典第二章	大唐四典之一，论棋之书。	2	1234	1235								
49	3	3528	8	3	2	2	棋典	棋典第三章	大唐四典之一，论棋之书。	3	1236	1237	1238							
49	4	2858	8	3	2	2	棋典	棋典第四章	大唐四典之一，论棋之书。	1	1239									
49	5	2858	8	3	2	2	棋典	棋典第五章	大唐四典之一，论棋之书。	1	1240									
49	6	3001	8	3	2	2	棋典	棋典第六章	大唐四典之一，论棋之书。	2	1241	1242								
49	7	3001	8	3	2	2	棋典	棋典第七章	大唐四典之一，论棋之书。	1	1243									
49	8	2858	8	3	2	2	棋典	棋典第八章	大唐四典之一，论棋之书。	1	1244									
50	1	3528	7	3	1	2	太白诗稿・卷三	君道曲	青莲居士李太白的诗稿。	1	569									
50	2	2862	7	3	1	2	太白诗稿・卷三	久别离	青莲居士李太白的诗稿。	1	570									
50	3	2862	7	3	1	2	太白诗稿・卷三	古朗月行	青莲居士李太白的诗稿。	1	571									
50	4	2859	7	3	1	2	太白诗稿・卷三	独不见	青莲居士李太白的诗稿。	1	572									
50	5	3001	7	3	1	2	太白诗稿・卷三	鸣雁行	青莲居士李太白的诗稿。	1	573									
50	6	2859	7	3	1	2	太白诗稿・卷三	妾薄命	青莲居士李太白的诗稿。	1	574									
50	7	2858	7	3	1	2	太白诗稿・卷三	短歌行	青莲居士李太白的诗稿。	1	575									
51	1	2858	8	3	3	1	剑侠武林志・卷二	武林志卷二第一章	记载大唐武林见闻之书。	2	1267	1268								
51	2	2858	8	3	3	1	剑侠武林志・卷二	武林志卷二第二章	记载大唐武林见闻之书。	2	1269	1270								
51	3	3001	8	3	3	1	剑侠武林志・卷二	武林志卷二第三章	记载大唐武林见闻之书。	2	1271	1272								
51	4	2858	8	3	3	1	剑侠武林志・卷二	武林志卷二第四章	记载大唐武林见闻之书。	2	1273	1274								
51	5	2858	8	3	3	1	剑侠武林志・卷二	武林志卷二第五章	记载大唐武林见闻之书。	2	1275	1276								
51	6	2858	8	3	3	1	剑侠武林志・卷二	武林志卷二第六章	记载大唐武林见闻之书。	2	1277	1278								
51	7	2858	8	3	3	1	剑侠武林志・卷二	武林志卷二第七章	记载大唐武林见闻之书。	2	1279	1280								
51	8	3001	8	3	3	1	剑侠武林志・卷二	武林志卷二第八章	记载大唐武林见闻之书。	2	1281	1726								
52	1	2862	8	3	3	2	隐元兵器谱・剑	剑章第一	大唐武林兵器排行之剑章，隐元会所录。	1	584									
52	2	2862	8	3	3	2	隐元兵器谱・剑	剑章第二	大唐武林兵器排行之剑章，隐元会所录。	1	585									
52	3	2862	8	3	3	2	隐元兵器谱・剑	剑章第三	大唐武林兵器排行之剑章，隐元会所录。	1	586									
52	4	2862	8	3	3	2	隐元兵器谱・剑	剑章第四	大唐武林兵器排行之剑章，隐元会所录。	1	587									
52	5	2861	8	3	3	2	隐元兵器谱・剑	剑章第五	大唐武林兵器排行之剑章，隐元会所录。	1	588									
52	6	2862	8	3	3	2	隐元兵器谱・剑	剑章第六	大唐武林兵器排行之剑章，隐元会所录。	1	589									
52	7	2862	8	3	3	2	隐元兵器谱・剑	剑章第七	大唐武林兵器排行之剑章，隐元会所录。	1	590									
52	8	2862	8	3	3	2	隐元兵器谱・剑	剑章第八	大唐武林兵器排行之剑章，隐元会所录。	2	591	592								
53	1	3001	4	3	3	2	昆仑传	昆仑派山训	详细记录昆仑人文地理之书。	1	1889									
53	2	3529	4	3	3	1	昆仑传	昆仑派地理志	详细记录昆仑人文地理之书。	4	1890	1891	1892	1893						
53	3	2858	4	3	3	1	昆仑传	昆仑派风物志	详细记录昆仑人文地理之书。	3	1894	1895	1896							
53	4	2858	4	3	3	2	昆仑传	昆仑派历代掌门弟子	详细记录昆仑人文地理之书。	1	1897									
54	1	2859	7	3	3	2	隐元兵器谱・棍	棍章第一	大唐武林兵器排行之棍章，隐元会所录。	1	602									
54	2	3528	7	3	3	2	隐元兵器谱・棍	棍章第二	大唐武林兵器排行之棍章，隐元会所录。	1	603									
54	3	3001	7	3	3	2	隐元兵器谱・棍	棍章第三	大唐武林兵器排行之棍章，隐元会所录。	1	604									
54	4	2859	7	3	3	2	隐元兵器谱・棍	棍章第四	大唐武林兵器排行之棍章，隐元会所录。	1	605									
54	5	3001	7	3	3	2	隐元兵器谱・棍	棍章第五	大唐武林兵器排行之棍章，隐元会所录。	1	606									
54	6	2861	7	3	3	2	隐元兵器谱・棍	棍章第六	大唐武林兵器排行之棍章，隐元会所录。	1	607									
54	7	2859	7	3	3	2	隐元兵器谱・棍	棍章第七	大唐武林兵器排行之棍章，隐元会所录。	1	608									
55	1	3528	8	3	3	2	隐元兵器谱・枪	枪章第一	大唐武林兵器排行之枪章，隐元会所录。	1	610									
55	2	2861	8	3	3	2	隐元兵器谱・枪	枪章第二	大唐武林兵器排行之枪章，隐元会所录。	1	611									
55	3	2859	8	3	3	2	隐元兵器谱・枪	枪章第三	大唐武林兵器排行之枪章，隐元会所录。	1	612									
55	4	3001	8	3	3	2	隐元兵器谱・枪	枪章第四	大唐武林兵器排行之枪章，隐元会所录。	1	613									
55	5	3001	8	3	3	2	隐元兵器谱・枪	枪章第五	大唐武林兵器排行之枪章，隐元会所录。	1	614									
55	6	2859	8	3	3	2	隐元兵器谱・枪	枪章第六	大唐武林兵器排行之枪章，隐元会所录。	1	615									
55	7	3001	8	3	3	2	隐元兵器谱・枪	枪章第七	大唐武林兵器排行之枪章，隐元会所录。	1	616									
55	8	2859	8	3	3	2	隐元兵器谱・枪	枪章第八	大唐武林兵器排行之枪章，隐元会所录。	1	617									
56	1	3001	8	3	1	2	诗经选录・卷四	鸿雁	选于诗经，千古留名。	1	540									
56	2	2858	8	3	1	2	诗经选录・卷四	白驹	选于诗经，千古留名。	1	541									
56	3	2858	8	3	1	2	诗经选录・卷四	谷风	选于诗经，千古留名。	1	542									
56	4	3001	8	3	1	2	诗经选录・卷四	苕之华	选于诗经，千古留名。	1	543									
56	5	3001	8	3	1	2	诗经选录・卷四	维天之命	选于诗经，千古留名。	1	544									
56	6	3001	8	3	1	2	诗经选录・卷四	我将	选于诗经，千古留名。	1	545									
56	7	3001	8	3	1	2	诗经选录・卷四	臣工	选于诗经，千古留名。	1	546									
56	8	3001	8	3	1	2	诗经选录・卷四	丝衣	选于诗经，千古留名。	1	547									
57	1	3001	8	3	1	2	青岩诗钞・卷五	出石门	万花谷文人所编纂的诗歌辑录。	1	576									
57	2	3001	8	3	1	2	青岩诗钞・卷五	至分陕	万花谷文人所编纂的诗歌辑录。	1	577									
57	3	3528	8	3	1	2	青岩诗钞・卷五	从军行	万花谷文人所编纂的诗歌辑录。	1	578									
57	4	2858	8	3	1	2	青岩诗钞・卷五	王昭君	万花谷文人所编纂的诗歌辑录。	1	579									
57	5	2858	8	3	1	2	青岩诗钞・卷五	渡瓜步江	万花谷文人所编纂的诗歌辑录。	1	580									
57	6	3001	8	3	1	2	青岩诗钞・卷五	秋日送别	万花谷文人所编纂的诗歌辑录。	1	581									
57	7	3001	8	3	1	2	青岩诗钞・卷五	冬日宴	万花谷文人所编纂的诗歌辑录。	1	582									
57	8	2858	8	3	1	2	青岩诗钞・卷五	咏美人在天津桥	万花谷文人所编纂的诗歌辑录。	1	583									
58	1	3001	8	3	2	1	书典	书典第一章	大唐四典之一，论书之书。	4	1245	1246	1247	1685						
58	2	2858	8	3	2	1	书典	书典第二章	大唐四典之一，论书之书。	3	1248	1249	1250							
58	3	3001	8	3	2	1	书典	书典第三章	大唐四典之一，论书之书。	3	1251	1252	1253							
58	4	3001	8	3	2	1	书典	书典第四章	大唐四典之一，论书之书。	4	1254	1255	1256	1257						
58	5	3001	8	3	2	1	书典	书典第五章	大唐四典之一，论书之书。	3	1258	1259	1260							
58	6	3001	8	3	2	1	书典	书典第六章	大唐四典之一，论书之书。	2	1261	1262								
58	7	2858	8	3	2	1	书典	书典第七章	大唐四典之一，论书之书。	2	1263	1264								
58	8	2861	8	3	2	1	书典	书典第八章	大唐四典之一，论书之书。	2	1265	1266								
59	1	2859	8	3	5	3	剑侠人物图鉴・卷一	剑侠人物图鉴卷一其一	剑侠人物画卷	1	1316									
59	2	2859	8	3	5	3	剑侠人物图鉴・卷一	剑侠人物图鉴卷一其二	剑侠人物画卷	1	1317									
59	3	2859	8	3	5	3	剑侠人物图鉴・卷一	剑侠人物图鉴卷一其三	剑侠人物画卷	1	1318									
59	4	2859	8	3	5	3	剑侠人物图鉴・卷一	剑侠人物图鉴卷一其四	剑侠人物画卷	1	1319									
59	5	2859	8	3	5	3	剑侠人物图鉴・卷一	剑侠人物图鉴卷一其五	剑侠人物画卷	1	1320									
59	6	2859	8	3	5	3	剑侠人物图鉴・卷一	剑侠人物图鉴卷一其六	剑侠人物画卷	1	1321									
59	7	2859	8	3	5	3	剑侠人物图鉴・卷一	剑侠人物图鉴卷一其七	剑侠人物画卷	1	1322									
59	8	2859	8	3	5	3	剑侠人物图鉴・卷一	剑侠人物图鉴卷一其八	剑侠人物画卷	1	1323									
60	1	2859	8	3	3	1	书信辑录	王维林家书	大唐武林书信集。	4	1504	1505	1506	1507						
60	2	2859	8	3	3	1	书信辑录	邀药王入谷书	大唐武林书信集。	3	1789	1790	1791							
60	3	3529	8	3	3	1	书信辑录	邀书圣入谷书	大唐武林书信集。	2	1508	1509								
60	4	2859	8	3	3	1	书信辑录	邀工圣入谷书	大唐武林书信集。	2	1510	1511								
60	5	2862	8	3	3	1	书信辑录	邀少林赴名剑大会书	大唐武林书信集。	2	1512	1513								
60	6	2862	8	3	3	1	书信辑录	邀纯阳赴名剑大会书	大唐武林书信集。	2	1514	1515								
60	7	2859	8	3	3	1	书信辑录	邀七秀赴名剑大会书	大唐武林书信集。	2	1516	1517								
60	8	3001	8	3	3	1	书信辑录	邀天策赴名剑大会书	大唐武林书信集。	2	1518	1519								
61	1	3529	8	3	3	1	刺侠	豫让刺赵襄	关于刺客的记录。	6	1995	1996	1997	1998	1999	2000				
61	2	5486	8	3	3	1	刺侠	专诸刺王僚	关于刺客的记录。	6	2001	2002	2003	2004	2005	2006				
61	3	3529	8	3	3	1	刺侠	要离杀庆忌	关于刺客的记录。	3	2007	2008	2009							
61	4	3001	8	3	3	1	刺侠	曹沫劫桓公	关于刺客的记录。	2	2010	2011								
61	5	3001	8	3	3	1	刺侠	朱亥奉信陵	关于刺客的记录。	3	2012	2013	2014							
61	6	2858	8	3	3	1	刺侠	IO纵赵盾	关于刺客的记录。	2	2015	2016								
61	7	3001	8	3	3	1	刺侠	朱家显侠义	关于刺客的记录。	2	2017	2018								
61	8	3001	8	3	3	1	刺侠	剧孟有侠气	关于刺客的记录。	1	2019									
62	1	3529	8	3	3	2	隐元兵器谱・双兵	双兵第一	大唐武林兵器排行之双兵章，隐元会所录。	1	618									
62	2	3001	8	3	3	2	隐元兵器谱・双兵	双兵第二	大唐武林兵器排行之双兵章，隐元会所录。	1	619									
62	3	3529	8	3	3	2	隐元兵器谱・双兵	双兵第三	大唐武林兵器排行之双兵章，隐元会所录。	1	620									
62	4	3001	8	3	3	2	隐元兵器谱・双兵	双兵第四	大唐武林兵器排行之双兵章，隐元会所录。	1	621									
62	5	2859	8	3	3	2	隐元兵器谱・双兵	双兵第五	大唐武林兵器排行之双兵章，隐元会所录。	1	622									
62	6	2862	8	3	3	2	隐元兵器谱・双兵	双兵第六	大唐武林兵器排行之双兵章，隐元会所录。	1	623									
62	7	2862	8	3	3	2	隐元兵器谱・双兵	双兵第七	大唐武林兵器排行之双兵章，隐元会所录。	1	624									
62	8	2859	8	3	3	2	隐元兵器谱・双兵	双兵第八	大唐武林兵器排行之双兵章，隐元会所录。	1	1520									
63	1	2858	7	3	5	3	云锦秘要	龙纹图	流传已久的刺绣秘法。	1	1292									
63	2	2858	7	3	5	3	云锦秘要	鸳鸯图	流传已久的刺绣秘法。	1	1293									
63	3	2858	7	3	5	3	云锦秘要	双飞图	流传已久的刺绣秘法。	1	1294									
63	4	2858	7	3	5	3	云锦秘要	牡丹图	流传已久的刺绣秘法。	1	1295									
63	5	2858	7	3	5	3	云锦秘要	腾龙图	流传已久的刺绣秘法。	1	1324									
63	6	2858	7	3	5	3	云锦秘要	青兽图	流传已久的刺绣秘法。	1	1325									
63	7	2858	7	3	5	3	云锦秘要	百花图	流传已久的刺绣秘法。	2	1326									
64	1	2859	5	3	3	1	阳宝笔录・卷一	阳宝笔录卷一第一章	阳宝哥的江湖日志。	4	1521	1522	1865	1866						
64	2	3529	5	3	3	1	阳宝笔录・卷一	阳宝笔录卷一第二章	阳宝哥的江湖日志。	3	1523	1524	1867							
64	3	2859	5	3	3	1	阳宝笔录・卷一	阳宝笔录卷一第三章	阳宝哥的江湖日志。	3	1525	1526	1868							
64	4	2862	5	3	3	1	阳宝笔录・卷一	阳宝笔录卷一第四章	阳宝哥的江湖日志。	3	1527	1528	1869							
64	5	2862	5	3	3	1	阳宝笔录・卷一	阳宝笔录卷一第五章	阳宝哥的江湖日志。	4	1529	1530	1870	1871						
65	1	3001	8	1	3	1	大唐少林书	少林书第一章	少林寺之历史。	2	1531	1532								
65	2	3001	8	1	3	1	大唐少林书	少林书第二章	少林寺之历史。	2	1533	1534								
65	3	3528	8	1	3	1	大唐少林书	少林书第三章	少林寺之历史。	2	1535	1536								
65	4	2859	8	1	3	1	大唐少林书	少林书第四章	少林寺之历史。	2	1537	1538								
65	5	3001	8	1	3	1	大唐少林书	少林书第五章	少林寺之历史。	2	1539	1540								
65	6	3001	8	1	3	1	大唐少林书	少林书第六章	少林寺之历史。	2	1541	1542								
65	7	3001	8	1	3	1	大唐少林书	少林书第七章	少林寺之历史。	2	1543	1544								
65	8	3001	8	1	3	1	大唐少林书	少林书第八章	少林寺之历史。	2	1545	1546								
66	1	3001	8	1	1	1	佛藏拾珠・卷四	穷人品	少林弟子所选编的佛经故事。	3	669	670	671							
66	2	2859	8	1	1	1	佛藏拾珠・卷四	佛像之始品	少林弟子所选编的佛经故事。	4	672	673	674	1687						
66	3	3001	8	1	1	1	佛藏拾珠・卷四	播种真理品	少林弟子所选编的佛经故事。	3	675	676	677							
66	4	3528	8	1	1	1	佛藏拾珠・卷四	金鼠品	少林弟子所选编的佛经故事。	4	678	679	680	1689						
66	5	3001	8	1	1	1	佛藏拾珠・卷四	乾夷王施头品	少林弟子所选编的佛经故事。	4	681	682	683	684						
66	6	3001	8	1	1	1	佛藏拾珠・卷四	断臂求法品	少林弟子所选编的佛经故事。	4	685	686	687	1686						
66	7	2858	8	1	1	1	佛藏拾珠・卷四	罪不可得品	少林弟子所选编的佛经故事。	2	688	689								
66	8	2859	8	1	1	1	佛藏拾珠・卷四	佛性南北品	少林弟子所选编的佛经故事。	3	690	691	1688							
67	1	3001	8	1	1	1	释门逸闻录・卷一	指与月	释门中的奇闻趣事。	2	692	693								
67	2	3001	8	1	1	1	释门逸闻录・卷一	开窍	释门中的奇闻趣事。	3	694	695	1690							
67	3	3001	8	1	1	1	释门逸闻录・卷一	女子出定	释门中的奇闻趣事。	2	697	698								
67	4	3001	8	1	1	1	释门逸闻录・卷一	廓然无圣	释门中的奇闻趣事。	2	699	700								
67	5	3001	8	1	1	1	释门逸闻录・卷一	皮肉骨髓	释门中的奇闻趣事。	2	701	702								
67	6	3001	8	1	1	1	释门逸闻录・卷一	谁缚了你	释门中的奇闻趣事。	2	703	704								
67	7	2858	8	1	1	1	释门逸闻录・卷一	本来无一物	释门中的奇闻趣事。	3	705	706	707							
67	8	3001	8	1	1	1	释门逸闻录・卷一	孤掌之声	释门中的奇闻趣事。	2	708	709								
68	1	2858	8	1	1	2	佛法传宗记	佛法传宗记第一章	东土佛学之传扬史。	1	1332									
68	2	3001	8	1	1	2	佛法传宗记	佛法传宗记第二章	东土佛学之传扬史。	2	1333	1334								
68	3	3001	8	1	1	2	佛法传宗记	佛法传宗记第三章	东土佛学之传扬史。	5	1335	1336	1337	1703	1704					
68	4	3001	8	1	1	2	佛法传宗记	佛法传宗记第四章	东土佛学之传扬史。	5	1338	1339	1705	1706	1707					
68	5	3001	8	1	1	2	佛法传宗记	佛法传宗记第五章	东土佛学之传扬史。	3	1340	1341	1708							
68	6	3001	8	1	1	2	佛法传宗记	佛法传宗记第六章	东土佛学之传扬史。	6	1342	1343	1709	1710	1711	1712				
68	7	3001	8	1	1	2	佛法传宗记	佛法传宗记第七章	东土佛学之传扬史。	3	1344	1345	1713							
68	8	3001	8	1	1	2	佛法传宗记	佛法传宗记要义	东土佛学之传扬史。	2	1346	1347								
69	1	2858	8	1	3	1	天竺迦兰僧秘录	迦兰秘录第一章・因说	记载着天竺迦兰僧的秘密。	2	1348	1349								
69	2	3001	8	1	3	1	天竺迦兰僧秘录	迦兰秘录第二章・缘说	记载着天竺迦兰僧的秘密。	2	1350	1351								
69	3	3001	8	1	3	1	天竺迦兰僧秘录	迦兰秘录第三章・果说	记载着天竺迦兰僧的秘密。	2	1352	1353								
69	4	3001	8	1	3	1	天竺迦兰僧秘录	迦兰秘录第四章・报说	记载着天竺迦兰僧的秘密。	2	1354	1355								
69	5	3001	8	1	3	1	天竺迦兰僧秘录	迦兰秘录第五章・武传	记载着天竺迦兰僧的秘密。	2	1356	1357								
69	6	3001	8	1	3	1	天竺迦兰僧秘录	迦兰秘录第六章・经传	记载着天竺迦兰僧的秘密。	2	1358	1359								
69	7	3001	8	1	3	1	天竺迦兰僧秘录	迦兰秘录第七章・僧传	记载着天竺迦兰僧的秘密。	2	1360	1361								
69	8	3528	8	1	3	1	天竺迦兰僧秘录	迦兰秘录第八章・宝传	记载着天竺迦兰僧的秘密。	2	1362	1363								
70	1	3001	8	3	2	3	画典	画典第一章	大唐四典之一，论画之书。	1	1296									
70	2	3001	8	3	2	3	画典	画典第二章	大唐四典之一，论画之书。	1	1297									
70	3	2858	8	3	2	3	画典	画典第三章	大唐四典之一，论画之书。	1	1298									
70	4	2858	8	3	2	3	画典	画典第四章	大唐四典之一，论画之书。	1	1299									
70	5	3001	8	3	2	3	画典	画典第五章	大唐四典之一，论画之书。	1	1312									
70	6	2858	8	3	2	3	画典	画典第六章	大唐四典之一，论画之书。	1	1313									
70	7	2858	8	3	2	3	画典	画典第七章	大唐四典之一，论画之书。	1	1314									
70	8	3001	8	3	2	3	画典	画典第八章	大唐四典之一，论画之书。	1	1315									
71	1	3001	8	1	1	1	佛藏拾珠・卷五	鹊替哺品	少林弟子所选编的佛经故事。	2	710	711								
71	2	2858	8	1	1	1	佛藏拾珠・卷五	龟衔树品	少林弟子所选编的佛经故事。	2	712	713								
71	3	2858	8	1	1	1	佛藏拾珠・卷五	平望镇犬品	少林弟子所选编的佛经故事。	2	714	715								
71	4	3001	8	1	1	1	佛藏拾珠・卷五	蚁啮械品	少林弟子所选编的佛经故事。	2	716	717								
71	5	3001	8	1	1	1	佛藏拾珠・卷五	犬救火一品	少林弟子所选编的佛经故事。	2	718	719								
71	6	3001	8	1	1	1	佛藏拾珠・卷五	嘛呢叭咪似	少林弟子所选编的佛经故事。	2	720	721								
71	7	3001	8	1	1	1	佛藏拾珠・卷五	佛曰放下品	少林弟子所选编的佛经故事。	2	722	723								
71	8	3001	8	1	1	1	佛藏拾珠・卷五	五百罗汉品	少林弟子所选编的佛经故事。	2	842	843								
72	1	3528	8	1	1	1	五百阿罗汉传	阿罗汉传第一章	罗汉的故事。	3	844	845	846							
72	2	3001	8	1	1	1	五百阿罗汉传	阿罗汉传第二章	罗汉的故事。	2	847	848								
72	3	2859	8	1	1	1	五百阿罗汉传	阿罗汉传第三章	罗汉的故事。	2	849	850								
72	4	2859	8	1	1	1	五百阿罗汉传	阿罗汉传第四章	罗汉的故事。	2	851	852								
72	5	2858	8	1	1	1	五百阿罗汉传	阿罗汉传第五章	罗汉的故事。	2	853	854								
72	6	3001	8	1	1	1	五百阿罗汉传	阿罗汉传第六章	罗汉的故事。	2	855	856								
72	7	3001	8	1	1	1	五百阿罗汉传	阿罗汉传第七章	罗汉的故事。	3	857	858	859							
72	8	3001	8	1	1	1	五百阿罗汉传	阿罗汉传第八章	罗汉的故事。	3	860	861	862							
73	1	3001	8	1	1	1	释门逸闻录・卷二	背女人	释门中的奇闻趣事。	2	724	725								
73	2	3001	8	1	1	1	释门逸闻录・卷二	蛇身受苦上篇	释门中的奇闻趣事。	3	726	727	728							
73	3	2858	8	1	1	1	释门逸闻录・卷二	蛇身受苦下篇	释门中的奇闻趣事。	3	729	730	731							
73	4	2858	8	1	1	1	释门逸闻录・卷二	千金买冷静上篇	释门中的奇闻趣事。	2	732	733								
73	5	3001	8	1	1	1	释门逸闻录・卷二	千金买冷静下篇	释门中的奇闻趣事。	2	734	735								
73	6	3001	8	1	1	1	释门逸闻录・卷二	父转狗身上篇	释门中的奇闻趣事。	2	736	737								
73	7	3001	8	1	1	1	释门逸闻录・卷二	父转狗身下篇	释门中的奇闻趣事。	3	738	739	740							
73	8	3001	8	1	1	1	释门逸闻录・卷二	猴子陷阱	释门中的奇闻趣事。	2	741	742								
74	1	3001	8	1	1	1	佛藏拾珠・卷六	仙人与小象品	少林弟子所选编的佛经故事。	4	743	744	745	1691						
74	2	3001	8	1	1	1	佛藏拾珠・卷六	破水桶品	少林弟子所选编的佛经故事。	2	746	747								
74	3	3001	8	1	1	1	佛藏拾珠・卷六	蕃僧与鼠品上篇	少林弟子所选编的佛经故事。	2	748	749								
74	4	3001	8	1	1	1	佛藏拾珠・卷六	蕃僧与鼠品下篇	少林弟子所选编的佛经故事。	2	750	751								
74	5	2858	8	1	1	1	佛藏拾珠・卷六	黄金品上篇	少林弟子所选编的佛经故事。	2	752	753								
74	6	2858	8	1	1	1	佛藏拾珠・卷六	黄金品下篇	少林弟子所选编的佛经故事。	2	754	755								
74	7	3001	8	1	1	1	佛藏拾珠・卷六	输赢品	少林弟子所选编的佛经故事。	2	756	757								
74	8	3001	8	1	1	1	佛藏拾珠・卷六	送明月品	少林弟子所选编的佛经故事。	2	758	759								
75	1	2858	8	1	1	2	释门逸闻录・卷三	观音自拜	释门中的奇闻趣事。	2	760	761								
75	2	2858	8	1	1	2	释门逸闻录・卷三	悟性如光	释门中的奇闻趣事。	2	762	763								
75	3	3001	8	1	1	2	释门逸闻录・卷三	破碗	释门中的奇闻趣事。	1	764									
75	4	3001	8	1	1	2	释门逸闻录・卷三	一滴水	释门中的奇闻趣事。	1	766									
75	5	3001	8	1	1	2	释门逸闻录・卷三	平常心	释门中的奇闻趣事。	2	767	768								
75	6	3001	8	1	1	2	释门逸闻录・卷三	死期	释门中的奇闻趣事。	2	769	770								
75	7	3001	8	1	1	2	释门逸闻录・卷三	修佛	释门中的奇闻趣事。	1	771									
75	8	3001	8	1	1	2	释门逸闻录・卷三	礼物	释门中的奇闻趣事。	1	772									
76	1	3529	8	1	1	1	佛藏拾珠・卷七	一切都在品	少林弟子所选编的佛经故事。	2	773	774								
76	2	3001	8	1	1	1	佛藏拾珠・卷七	磨砖作镜品	少林弟子所选编的佛经故事。	2	775	776								
76	3	3001	8	1	1	1	佛藏拾珠・卷七	正字反字品	少林弟子所选编的佛经故事。	4	777	778	765	761						
76	4	3001	8	1	1	1	佛藏拾珠・卷七	杯水与湖品	少林弟子所选编的佛经故事。	2	779	780								
76	5	3001	8	1	1	1	佛藏拾珠・卷七	富人与鳖品其一	少林弟子所选编的佛经故事。	2	781	782								
76	6	2859	8	1	1	1	佛藏拾珠・卷七	富人与鳖品其二	少林弟子所选编的佛经故事。	3	783	784	785							
76	7	2859	8	1	1	1	佛藏拾珠・卷七	富人与鳖品其三	少林弟子所选编的佛经故事。	4	786	787	788	1692						
76	8	3001	8	1	1	1	佛藏拾珠・卷七	富人与鳖品其四	少林弟子所选编的佛经故事。	3	789	790	791							
77	1	3001	5	1	1	2	蜘蛛寓经	蜘蛛寓经其一	蜘蛛为寓，阐释佛理。	2	792	793								
77	2	3001	5	1	1	2	蜘蛛寓经	蜘蛛寓经其二	蜘蛛为寓，阐释佛理。	2	794	795								
77	3	3001	5	1	1	2	蜘蛛寓经	蜘蛛寓经其三	蜘蛛为寓，阐释佛理。	2	796	797								
77	4	3001	5	1	1	2	蜘蛛寓经	蜘蛛寓经其四	蜘蛛为寓，阐释佛理。	2	798	799								
77	5	2859	5	1	1	2	蜘蛛寓经	蜘蛛寓经其五	蜘蛛为寓，阐释佛理。	2	800	801								
78	1	3528	8	1	1	2	楞伽经	楞伽经第一章	达摩祖师曾言，仁者依行此经，自得度世。	2	802	803								
78	2	3001	8	1	1	2	楞伽经	楞伽经第二章	达摩祖师曾言，仁者依行此经，自得度世。	2	804	805								
78	3	2859	8	1	1	2	楞伽经	楞伽经第三章	达摩祖师曾言，仁者依行此经，自得度世。	2	806	807								
78	4	2859	8	1	1	2	楞伽经	楞伽经第四章	达摩祖师曾言，仁者依行此经，自得度世。	2	808	809								
78	5	3001	8	1	1	2	楞伽经	楞伽经第五章	达摩祖师曾言，仁者依行此经，自得度世。	2	810	811								
78	6	2862	8	1	1	2	楞伽经	楞伽经第六章	达摩祖师曾言，仁者依行此经，自得度世。	2	812	813								
78	7	3001	8	1	1	2	楞伽经	楞伽经第七章	达摩祖师曾言，仁者依行此经，自得度世。	2	814	815								
78	8	3001	8	1	1	2	楞伽经	楞伽经第八章	达摩祖师曾言，仁者依行此经，自得度世。	2	816	817								
79	1	2859	8	1	4	2	易筋经	易筋经第一章	少林寺武学秘典。	1	818									
79	2	2859	8	1	4	2	易筋经	易筋经第二章	少林寺武学秘典。	1	819									
79	3	2862	8	1	4	2	易筋经	易筋经第三章	少林寺武学秘典。	1	820									
79	4	3528	8	1	4	2	易筋经	易筋经第四章	少林寺武学秘典。	1	821									
79	5	2858	8	1	4	2	易筋经	易筋经第五章	少林寺武学秘典。	1	822									
79	6	3001	8	1	4	2	易筋经	易筋经第六章	少林寺武学秘典。	1	823									
79	7	2858	8	1	4	2	易筋经	易筋经第七章	少林寺武学秘典。	1	824									
79	8	3001	8	1	4	2	易筋经	易筋经第八章	少林寺武学秘典。	1	825									
80	1	3001	8	1	1	2	云水禅诗・卷二	别山僧	悟禅论理，心如云水。	1	826									
80	2	3001	8	1	1	2	云水禅诗・卷二	晨诣超师院读禅经	悟禅论理，心如云水。	1	827									
80	3	2858	8	1	1	2	云水禅诗・卷二	出游	悟禅论理，心如云水。	1	828									
80	4	3001	8	1	1	2	云水禅诗・卷二	春晓	悟禅论理，心如云水。	1	829									
80	5	3528	8	1	1	2	云水禅诗・卷二	梵体诗	悟禅论理，心如云水。	1	1549									
80	6	2859	8	1	1	2	云水禅诗・卷二	归嵩山作	悟禅论理，心如云水。	1	830									
80	7	2862	8	1	1	2	云水禅诗・卷二	寒山顶上月轮孤	悟禅论理，心如云水。	1	831									
80	8	3001	8	1	1	2	云水禅诗・卷二	哭僧	悟禅论理，心如云水。	1	832									
81	1	3001	8	1	1	1	释门逸闻录・卷四	一宿觉	释门中的奇闻趣事。	2	863	864								
81	2	3001	8	1	1	1	释门逸闻录・卷四	震旦传法	释门中的奇闻趣事。	2	865	866								
81	3	3001	8	1	1	1	释门逸闻录・卷四	檐头水滴	释门中的奇闻趣事。	2	867	868								
81	4	3001	8	1	1	1	释门逸闻录・卷四	百鸟献花	释门中的奇闻趣事。	2	869	1722								
81	5	2858	8	1	1	1	释门逸闻录・卷四	不敢说苦	释门中的奇闻趣事。	2	871	872								
81	6	3001	8	1	1	1	释门逸闻录・卷四	不昧因果	释门中的奇闻趣事。	2	873	874								
81	7	3001	8	1	1	1	释门逸闻录・卷四	寸丝不挂	释门中的奇闻趣事。	2	875	876								
81	8	3001	8	1	1	1	释门逸闻录・卷四	丹霞烧佛	释门中的奇闻趣事。	2	877	878								
82	1	3528	8	1	1	2	云水禅诗・卷三	题大禹寺义公禅房	悟禅论理，心如云水。	1	833									
82	2	3001	8	1	1	2	云水禅诗・卷三	终南别业	悟禅论理，心如云水。	1	834									
82	3	3001	8	1	1	2	云水禅诗・卷三	辋川集・辛夷坞	悟禅论理，心如云水。	1	835									
82	4	3001	8	1	1	2	云水禅诗・卷三	题破山寺后禅院	悟禅论理，心如云水。	1	836									
82	5	2858	8	1	1	2	云水禅诗・卷三	鹿柴	悟禅论理，心如云水。	1	837									
82	6	3001	8	1	1	2	云水禅诗・卷三	东家一老婆	悟禅论理，心如云水。	1	838									
82	7	2859	8	1	1	2	云水禅诗・卷三	庐山东林寺杂诗	悟禅论理，心如云水。	1	839									
82	8	3528	8	1	1	2	云水禅诗・卷三	题义公禅房	悟禅论理，心如云水。	1	840									
83	1	3001	8	1	1	2	佛藏拾珠・卷八	佛法大意品	少林弟子所选编的佛经故事。	2	879	880								
83	2	3528	8	1	1	2	佛藏拾珠・卷八	佛性无差品	少林弟子所选编的佛经故事。	2	881	882								
83	3	3001	8	1	1	2	佛藏拾珠・卷八	狗子佛性品	少林弟子所选编的佛经故事。	2	883	884								
83	4	2859	8	1	1	2	佛藏拾珠・卷八	火烧茅庵品	少林弟子所选编的佛经故事。	2	885	886								
83	5	3001	8	1	1	2	佛藏拾珠・卷八	懒惰禅师品	少林弟子所选编的佛经故事。	1	887									
83	6	2859	8	1	1	2	佛藏拾珠・卷八	了无功德品	少林弟子所选编的佛经故事。	1	888									
83	7	3001	8	1	1	2	佛藏拾珠・卷八	路途不力品	少林弟子所选编的佛经故事。	1	889									
83	8	3001	8	1	1	2	佛藏拾珠・卷八	绳断蛋破品	少林弟子所选编的佛经故事。	2	890	891								
84	1	3001	5	1	5	3	剑侠山河图鉴上卷	剑侠山河图鉴其一	剑侠山河风光画卷	1	1300									
84	2	2859	5	1	5	3	剑侠山河图鉴上卷	剑侠山河图鉴其二	剑侠山河风光画卷	1	1301									
84	3	2858	5	1	5	3	剑侠山河图鉴上卷	剑侠山河图鉴其三	剑侠山河风光画卷	1	1302									
84	4	2858	5	1	5	3	剑侠山河图鉴上卷	剑侠山河图鉴其四	剑侠山河风光画卷	1	1303									
84	5	3001	5	1	5	3	剑侠山河图鉴上卷	剑侠山河图鉴其五	剑侠山河风光画卷	1	1304									
85	1	2858	5	1	5	3	剑侠山河图鉴下卷	剑侠山河图鉴其六	剑侠山河风光画卷	1	1305									
85	2	3001	5	1	5	3	剑侠山河图鉴下卷	剑侠山河图鉴其七	剑侠山河风光画卷	1	1306									
85	3	2859	5	1	5	3	剑侠山河图鉴下卷	剑侠山河图鉴其八	剑侠山河风光画卷	1	1307									
85	4	3001	5	1	5	3	剑侠山河图鉴下卷	剑侠山河图鉴其九	剑侠山河风光画卷	1	1308									
85	5	2858	5	1	5	3	剑侠山河图鉴下卷	剑侠山河图鉴其十	剑侠山河风光画卷	1	1309									
86	1	3528	8	1	1	1	释门逸闻录・卷五	哭婆婆	释门中的奇闻趣事。	2	892	893								
86	2	2861	8	1	1	1	释门逸闻录・卷五	十四难上篇	释门中的奇闻趣事。	2	894	895								
86	3	2860	8	1	1	1	释门逸闻录・卷五	十四难下篇	释门中的奇闻趣事。	2	896	897								
86	4	2859	8	1	1		释门逸闻录・卷五	风动心	释门中的奇闻趣事。	2	898	1723								
86	5	2859	8	1	1	1	释门逸闻录・卷五	黑白鼠上篇	释门中的奇闻趣事。	2	899	900								
86	6	3001	8	1	1	1	释门逸闻录・卷五	黑白鼠下篇	释门中的奇闻趣事。	2	901	902								
86	7	2862	8	1	1	1	释门逸闻录・卷五	水泡不实 	释门中的奇闻趣事。	3	903	904	905							
86	8	2862	8	1	1	1	释门逸闻录・卷五	盲人摸象	释门中的奇闻趣事。	4	906	907	908	909						
87	1	3529	1	1	1	1	佛说八大人觉经	佛说八大人觉经	佛说八大人觉经	3	910	911	912							
88	1	3528	8	1	1	2	少林高僧录	少林高僧录其一	记录少林高僧之生平。	2	1378	1379								
88	2	2862	8	1	1	2	少林高僧录	少林高僧录其二	记录少林高僧之生平。	2	1380	1381								
88	3	2862	8	1	1	2	少林高僧录	少林高僧录其三	记录少林高僧之生平。	2	1382	1383								
88	4	3001	8	1	1	2	少林高僧录	少林高僧录其四	记录少林高僧之生平。	1	1384									
88	5	2859	8	1	1	2	少林高僧录	少林高僧录其五	记录少林高僧之生平。	1	1385									
88	6	3001	8	1	1	2	少林高僧录	少林高僧录其六	记录少林高僧之生平。	1	1386									
88	7	3001	8	1	1	2	少林高僧录	少林高僧录其七	记录少林高僧之生平。	1	1387									
88	8	2859	8	1	1	2	少林高僧录	少林高僧录其八	记录少林高僧之生平。	1	1388									
89	1	2859	2	1	4	1	禅武之争	禅武之争上	关于少林禅武之争的记载。	2	1392	1393								
89	2	2859	2	1	4	1	禅武之争	禅武之争下	关于少林禅武之争的记载。	3	1394	1395	1396							
90	1	2859	8	1	3	1	少林风物论	少林风物论其一	记录少林寺风土人情。	2	1397	1398								
90	2	2859	8	1	3	1	少林风物论	少林风物论其二	记录少林寺风土人情。	2	1399	1400								
90	3	3529	8	1	3	1	少林风物论	少林风物论其三	记录少林寺风土人情。	2	1401	1402								
90	4	2859	8	1	3	1	少林风物论	少林风物论其四	记录少林寺风土人情。	3	1403	1404	1405							
90	5	2859	8	1	3	2	少林风物论	秘方：地三鲜	记录少林寺风土人情。	1	1406									
90	6	2862	8	1	3	2	少林风物论	秘方：豆腐鱼	记录少林寺风土人情。	1	1407									
90	7	2862	8	1	3	2	少林风物论	秘方：少林小还丹	记录少林寺风土人情。	1	1408									
90	8	3001	8	1	3	2	少林风物论	秘方：少林大还丹	记录少林寺风土人情。	1	1409									
91	1	3001	8	3	1	1	论语・卷三	论语卷三其一	儒家圣典，记载孔夫子及众弟子言行之书。	2	913	914								
91	2	3528	8	3	1	1	论语・卷三	论语卷三其二	儒家圣典，记载孔夫子及众弟子言行之书。	2	915	916								
91	3	3528	8	3	1	1	论语・卷三	论语卷三其三	儒家圣典，记载孔夫子及众弟子言行之书。	2	917	918								
91	4	3528	8	3	1	1	论语・卷三	论语卷三其四	儒家圣典，记载孔夫子及众弟子言行之书。	2	919	920								
91	5	2858	8	3	1	1	论语・卷三	论语卷三其五	儒家圣典，记载孔夫子及众弟子言行之书。	2	921	922								
91	6	3001	8	3	1	1	论语・卷三	论语卷三其六	儒家圣典，记载孔夫子及众弟子言行之书。	2	923	924								
91	7	3001	8	3	1	1	论语・卷三	论语卷三其七	儒家圣典，记载孔夫子及众弟子言行之书。	2	925	926								
91	8	3001	8	3	1	1	论语・卷三	论语卷三其八	儒家圣典，记载孔夫子及众弟子言行之书。	2	927	928								
92	1	3001	8	3	1	1	论语・卷四	论语卷四其一	儒家圣典，记载孔夫子及众弟子言行之书。	2	929	930								
92	2	3001	8	3	1	1	论语・卷四	论语卷四其二	儒家圣典，记载孔夫子及众弟子言行之书。	2	931	932								
92	3	2858	8	3	1	1	论语・卷四	论语卷四其三	儒家圣典，记载孔夫子及众弟子言行之书。	2	933	934								
92	4	3528	8	3	1	1	论语・卷四	论语卷四其四	儒家圣典，记载孔夫子及众弟子言行之书。	2	935	936								
92	5	3528	8	3	1	1	论语・卷四	论语卷四其五	儒家圣典，记载孔夫子及众弟子言行之书。	2	937	938								
92	6	3001	8	3	1	1	论语・卷四	论语卷四其六	儒家圣典，记载孔夫子及众弟子言行之书。	2	939	940								
92	7	2858	8	3	1	1	论语・卷四	论语卷四其七	儒家圣典，记载孔夫子及众弟子言行之书。	2	941	1725								
92	8	3001	8	3	1	1	论语・卷四	论语卷四其八	儒家圣典，记载孔夫子及众弟子言行之书。	2	942	1724								
93	1	3528	8	2	1	2	道藏采英・卷一	庄子梦蝶	道教典故。	1	1036									
93	2	2858	8	2	1	2	道藏采英・卷一	螳臂当车	道教典故。	2	1037	1038								
93	3	3001	8	2	1	2	道藏采英・卷一	楚狂接舆	道教典故。	2	1039	1040								
93	4	3001	8	2	1	2	道藏采英・卷一	叔山无趾	道教典故。	1	1041									
93	5	3001	8	2	1	2	道藏采英・卷一	越俎代庖 	道教典故。	2	1042	1043								
93	6	2858	8	2	1	2	道藏采英・卷一	颜回坐忘	道教典故。	1	1044									
93	7	3528	8	2	1	2	道藏采英・卷一	神巫季咸	道教典故。	1	1140									
93	8	3001	8	2	1	2	道藏采英・卷一	浑沌开窍 	道教典故。	1	1141									
94	1	3001	8	3	1	1	论语・卷五	论语卷五其一	儒家圣典，记载孔夫子及众弟子言行之书。	2	943	944								
94	2	3001	8	3	1	1	论语・卷五	论语卷五其二	儒家圣典，记载孔夫子及众弟子言行之书。	2	945	946								
94	3	3001	8	3	1	1	论语・卷五	论语卷五其三	儒家圣典，记载孔夫子及众弟子言行之书。	2	947	948								
94	4	3001	8	3	1	1	论语・卷五	论语卷五其四	儒家圣典，记载孔夫子及众弟子言行之书。	2	949	950								
94	5	3528	8	3	1	1	论语・卷五	论语卷五其五	儒家圣典，记载孔夫子及众弟子言行之书。	2	951	952								
94	6	3001	8	3	1	1	论语・卷五	论语卷五其六	儒家圣典，记载孔夫子及众弟子言行之书。	2	953	954								
94	7	2858	8	3	1	1	论语・卷五	论语卷五其七	儒家圣典，记载孔夫子及众弟子言行之书。	2	955	956								
94	8	3001	8	3	1	1	论语・卷五	论语卷五其八	儒家圣典，记载孔夫子及众弟子言行之书。	2	957	958								
95	1	3001	7	2	1	2	四官二十八宿・东官	青龙・角宿第一	记载青龙七宿。	1	1142									
95	2	2858	7	2	1	2	四官二十八宿・东官	青龙・亢宿第二	记载青龙七宿。	1	1143									
95	3	2859	7	2	1	2	四官二十八宿・东官	青龙・氐宿第三	记载青龙七宿。	1	1144									
95	4	3001	7	2	1	2	四官二十八宿・东官	青龙・房宿第四	记载青龙七宿。	1	1145									
95	5	3001	7	2	1	2	四官二十八宿・东官	青龙・心宿第五	记载青龙七宿。	1	1146									
95	6	3001	7	2	1	2	四官二十八宿・东官	青龙・尾宿第六	记载青龙七宿。	1	1147									
95	7	2859	7	2	1	2	四官二十八宿・东官	青龙・箕宿第七	记载青龙七宿。	1	1148									
96	1	3001	8	3	1	1	论语・卷六	论语卷六其一	儒家圣典，记载孔夫子及众弟子言行之书。	2	959	960								
96	2	3001	8	3	1	1	论语・卷六	论语卷六其二	儒家圣典，记载孔夫子及众弟子言行之书。	2	961	962								
96	3	2858	8	3	1	1	论语・卷六	论语卷六其三	儒家圣典，记载孔夫子及众弟子言行之书。	2	963	964								
96	4	3001	8	3	1	1	论语・卷六	论语卷六其四	儒家圣典，记载孔夫子及众弟子言行之书。	2	965	966								
96	5	3001	8	3	1	1	论语・卷六	论语卷六其五	儒家圣典，记载孔夫子及众弟子言行之书。	2	967	968								
96	6	3001	8	3	1	1	论语・卷六	论语卷六其六	儒家圣典，记载孔夫子及众弟子言行之书。	2	969	970								
96	7	3001	8	3	1	1	论语・卷六	论语卷六其七	儒家圣典，记载孔夫子及众弟子言行之书。	2	971	972								
96	8	3001	8	3	1	1	论语・卷六	论语卷六其八	儒家圣典，记载孔夫子及众弟子言行之书。	2	973	974								
97	1	2858	8	2	1	1	道德经・卷三	道德经卷三其一	道家圣典，太上老君老子所传。	2	1045	1046								
97	2	3001	8	2	1	1	道德经・卷三	道德经卷三其二	道家圣典，太上老君老子所传。	2	1047	1048								
97	3	3001	8	2	1	1	道德经・卷三	道德经卷三其三	道家圣典，太上老君老子所传。	2	1049	1050								
97	4	3528	8	2	1	1	道德经・卷三	道德经卷三其四	道家圣典，太上老君老子所传。	2	1051	1052								
97	5	3001	8	2	1	1	道德经・卷三	道德经卷三其五	道家圣典，太上老君老子所传。	2	1053	1054								
97	6	2859	8	2	1	1	道德经・卷三	道德经卷三其六	道家圣典，太上老君老子所传。	2	1055	1056								
97	7	3001	8	2	1	1	道德经・卷三	道德经卷三其七	道家圣典，太上老君老子所传。	2	1057	1058								
97	8	2859	8	2	1	1	道德经・卷三	道德经卷三其八	道家圣典，太上老君老子所传。	2	1059	1060								
98	1	2859	7	2	1	2	四官二十八宿・北官	玄武・斗宿第一	记载玄武七宿。	1	1149									
98	2	3001	7	2	1	2	四官二十八宿・北官	玄武・牛宿第二	记载玄武七宿。	1	1150									
98	3	3528	7	2	1	2	四官二十八宿・北官	玄武・女宿第三	记载玄武七宿。	1	1151									
98	4	3528	7	2	1	2	四官二十八宿・北官	玄武・虚宿第四	记载玄武七宿。	1	1152									
98	5	3001	7	2	1	2	四官二十八宿・北官	玄武・危宿第五	记载玄武七宿。	1	1153									
98	6	3001	7	2	1	2	四官二十八宿・北官	玄武・室宿第六	记载玄武七宿。	1	1154									
98	7	2859	7	2	1	2	四官二十八宿・北官	玄武・壁宿第七	记载玄武七宿。	1	1155									
99	1	3001	8	3	1	1	论语・卷七	论语卷七其一	儒家圣典，记载孔夫子及众弟子言行之书。	2	975	976								
99	2	3001	8	3	1	1	论语・卷七	论语卷七其二	儒家圣典，记载孔夫子及众弟子言行之书。	2	977	978								
99	3	2858	8	3	1	1	论语・卷七	论语卷七其三	儒家圣典，记载孔夫子及众弟子言行之书。	2	979	980								
99	4	2858	8	3	1	1	论语・卷七	论语卷七其四	儒家圣典，记载孔夫子及众弟子言行之书。	2	981	982								
99	5	3001	8	3	1	1	论语・卷七	论语卷七其五	儒家圣典，记载孔夫子及众弟子言行之书。	2	983	984								
99	6	3001	8	3	1	1	论语・卷七	论语卷七其六	儒家圣典，记载孔夫子及众弟子言行之书。	2	985	986								
99	7	3001	8	3	1	1	论语・卷七	论语卷七其七	儒家圣典，记载孔夫子及众弟子言行之书。	3	987	988	989							
99	8	3001	8	3	1	1	论语・卷七	论语卷七其八	儒家圣典，记载孔夫子及众弟子言行之书。	3	990	991	992							
100	1	3001	8	2	1	1	南华经・让王篇	让王其一	南华真君庄子所著。	5	1186	1187	1188	1651	1652					
100	2	3001	8	2	1	1	南华经・让王篇	让王其二	南华真君庄子所著。	5	1189	1190	1191	1641	1642					
100	3	3001	8	2	1	1	南华经・让王篇	让王其三	南华真君庄子所著。	6	1192	1193	1194	1621	1646	1647				
100	4	3001	8	2	1	1	南华经・让王篇	让王其四	南华真君庄子所著。	5	1195	1196	1197	1622	1648					
100	5	3001	8	2	1	1	南华经・让王篇	让王其五	南华真君庄子所著。	6	1198	1199	1200	1623	1649	1650				
100	6	2858	8	2	1	1	南华经・让王篇	让王其六	南华真君庄子所著。	4	1201	1202	1203	1643						
100	7	2859	8	2	1	1	南华经・让王篇	让王其七	南华真君庄子所著。	6	1204	1205	1206	1207	1644	1645				
100	8	2859	8	2	1	1	南华经・让王篇	让王其八	南华真君庄子所著。	7	1208	1209	1210	1211	1638	1639	1640			
101	1	2858	8	3	1	1	论语・卷八	论语卷八其一	儒家圣典，记载孔夫子及众弟子言行之书。	3	993	994	1635							
101	2	3001	8	3	1	1	论语・卷八	论语卷八其二	儒家圣典，记载孔夫子及众弟子言行之书。	3	995	996	1637							
101	3	3001	8	3	1	1	论语・卷八	论语卷八其三	儒家圣典，记载孔夫子及众弟子言行之书。	2	997	998								
101	4	3001	8	3	1	1	论语・卷八	论语卷八其四	儒家圣典，记载孔夫子及众弟子言行之书。	2	999	1000								
101	5	2858	8	3	1	1	论语・卷八	论语卷八其五	儒家圣典，记载孔夫子及众弟子言行之书。	3	1001	1002	1636							
101	6	3001	8	3	1	1	论语・卷八	论语卷八其六	儒家圣典，记载孔夫子及众弟子言行之书。	2	1003	1004								
101	7	3001	8	3	1	1	论语・卷八	论语卷八其七	儒家圣典，记载孔夫子及众弟子言行之书。	2	1005	1006								
101	8	3001	8	3	1	1	论语・卷八	论语卷八其八	儒家圣典，记载孔夫子及众弟子言行之书。	2	1007	1008								
102	1	3529	8	2	1	1	道藏采英・卷二 	臧谷亡羊 	道教典故。	2	1170	1715								
102	2	3528	8	2	1	1	道藏采英・卷二 	庄子借粮	道教典故。	2	1171	1172								
102	3	3001	8	2	1	1	道藏采英・卷二 	蜗角之争上篇	道教典故。	3	1173	1174	1632							
102	4	3001	8	2	1	1	道藏采英・卷二 	蜗角之争下篇	道教典故。	4	1175	1176	1619	1631						
102	5	2859	8	2	1	1	道藏采英・卷二 	呆若木鸡	道教典故。	2	1177	1178								
102	6	3001	8	2	1	1	道藏采英・卷二 	庖丁解牛	道教典故。	4	1179	1180	1181	1620						
102	7	2859	8	2	1	1	道藏采英・卷二 	螳螂捕蝉上篇	道教典故。	3	1182	1183	1634							
102	8	3001	8	2	1	1	道藏采英・卷二 	螳螂捕蝉下篇	道教典故。	3	1184	1185	1633							
103	1	3001	8	3	1	1	论语・卷九	论语卷九其一	儒家圣典，记载孔夫子及众弟子言行之书。	3	1009	1010	1626							
103	2	3001	8	3	1	1	论语・卷九	论语卷九其二	儒家圣典，记载孔夫子及众弟子言行之书。	3	1011	1012	1628							
103	3	3001	8	3	1	1	论语・卷九	论语卷九其三	儒家圣典，记载孔夫子及众弟子言行之书。	3	1013	1014	1625							
103	4	2859	8	3	1	1	论语・卷九	论语卷九其四	儒家圣典，记载孔夫子及众弟子言行之书。	3	1015	1016	1627							
103	5	2862	8	3	1	1	论语・卷九	论语卷九其五	儒家圣典，记载孔夫子及众弟子言行之书。	2	1017	1018								
103	6	3528	8	3	1	1	论语・卷九	论语卷九其六	儒家圣典，记载孔夫子及众弟子言行之书。	2	1019	1020								
103	7	2862	8	3	1	1	论语・卷九	论语卷九其七	儒家圣典，记载孔夫子及众弟子言行之书。	3	1021	1022	1624							
103	8	3001	8	3	1	1	论语・卷九	论语卷九其八	儒家圣典，记载孔夫子及众弟子言行之书。	2	1023	1714								
104	1	3001	7	2	1	2	四官二十八宿・西官	白虎・奎宿第一	记载白虎七宿。	1	1156									
104	2	3001	7	2	1	2	四官二十八宿・西官	白虎・娄宿第二	记载白虎七宿。	1	1157									
104	3	2858	7	2	1	2	四官二十八宿・西官	白虎・胃宿第三	记载白虎七宿。	1	1158									
104	4	2859	7	2	1	2	四官二十八宿・西官	白虎・昴宿第四	记载白虎七宿。	1	1159									
104	5	3001	7	2	1	2	四官二十八宿・西官	白虎・毕宿第五	记载白虎七宿。	1	1160									
104	6	3001	7	2	1	2	四官二十八宿・西官	白虎・觜宿第六	记载白虎七宿。	1	1161									
104	7	3001	7	2	1	2	四官二十八宿・西官	白虎・参宿第七	记载白虎七宿。	1	1162									
105	1	3528	8	3	1	1	论语・卷十	论语卷十其一	儒家圣典，记载孔夫子及众弟子言行之书。	3	1024	1025	1630							
105	2	3001	8	3	1	1	论语・卷十	论语卷十其二	儒家圣典，记载孔夫子及众弟子言行之书。	3	1026	1027	1629							
105	3	2859	8	3	1	1	论语・卷十	论语卷十其三	儒家圣典，记载孔夫子及众弟子言行之书。	2	1028	1029								
105	4	2859	8	3	1	1	论语・卷十	论语卷十其四	儒家圣典，记载孔夫子及众弟子言行之书。	2	1030	1031								
105	5	3001	8	3	1	1	论语・卷十	论语卷十其五	儒家圣典，记载孔夫子及众弟子言行之书。	1	1032									
105	6	2858	8	3	1	1	论语・卷十	论语卷十其六	儒家圣典，记载孔夫子及众弟子言行之书。	1	1033									
105	7	2860	8	3	1	1	论语・卷十	论语卷十其七	儒家圣典，记载孔夫子及众弟子言行之书。	1	1034									
105	8	2858	8	3	1	1	论语・卷十	论语卷十其八	儒家圣典，记载孔夫子及众弟子言行之书。	1	1035									
106	1	2862	8	2	1	1	道德经・卷四	道德经卷四其一	道家圣典，太上老君老子所传。	2	1061	1062								
106	2	3001	8	2	1	1	道德经・卷四	道德经卷四其二	道家圣典，太上老君老子所传。	2	1063	1064								
106	3	2858	8	2	1	1	道德经・卷四	道德经卷四其三	道家圣典，太上老君老子所传。	2	1065	1066								
106	4	3001	8	2	1	1	道德经・卷四	道德经卷四其四	道家圣典，太上老君老子所传。	2	1067	1068								
106	5	3001	8	2	1	1	道德经・卷四	道德经卷四其五	道家圣典，太上老君老子所传。	2	1069	1070								
106	6	3001	8	2	1	1	道德经・卷四	道德经卷四其六	道家圣典，太上老君老子所传。	2	1071	1072								
106	7	3001	8	2	1	1	道德经・卷四	道德经卷四其七	道家圣典，太上老君老子所传。	2	1073	1074								
106	8	3528	8	2	1	1	道德经・卷四	道德经卷四其八	道家圣典，太上老君老子所传。	2	1075	1076								
107	1	3528	6	2	3	2	混元太极图	太极生两仪上	天地大道，变化无形。	1	1114									
107	2	2859	6	2	3	2	混元太极图	太极生两仪下	天地大道，变化无形。	1	1115									
107	3	3001	6	2	3	2	混元太极图	两仪生四象上	天地大道，变化无形。	1	1116									
107	4	2862	6	2	3	2	混元太极图	两仪生四象下	天地大道，变化无形。	1	1117									
107	5	2859	6	2	3	2	混元太极图	四象生八卦上	天地大道，变化无形。	1	1118									
107	6	3001	6	2	3	2	混元太极图	四象生八卦下	天地大道，变化无形。	1	1119									
108	1	3528	8	2	1	1	道德经・卷五	道德经卷五其一	道家圣典，太上老君老子所传。	2	1077	1078								
108	2	3001	8	2	1	1	道德经・卷五	道德经卷五其二	道家圣典，太上老君老子所传。	2	1079	1080								
108	3	2859	8	2	1	1	道德经・卷五	道德经卷五其三	道家圣典，太上老君老子所传。	2	1081	1082								
108	4	3528	8	2	1	1	道德经・卷五	道德经卷五其四	道家圣典，太上老君老子所传。	2	1083	1084								
108	5	3001	8	2	1	1	道德经・卷五	道德经卷五其五	道家圣典，太上老君老子所传。	2	1085	1086								
108	6	3001	8	2	1	1	道德经・卷五	道德经卷五其六	道家圣典，太上老君老子所传。	3	1087	1088	1089							
108	7	3001	8	2	1	1	道德经・卷五	道德经卷五其七	道家圣典，太上老君老子所传。	3	1090	1091	1092							
108	8	2858	8	2	1	1	道德经・卷五	道德经卷五其八	道家圣典，太上老君老子所传。	3	1093	1094	1095							
109	1	3001	8	2	3	1	纯阳秘录	纯阳秘录第一章	记载纯阳教之秘闻。	2	1410	1411								
109	2	3528	8	2	3	1	纯阳秘录	纯阳秘录第二章	记载纯阳教之秘闻。	2	1412	1413								
109	3	3001	8	2	3	1	纯阳秘录	纯阳秘录第三章	记载纯阳教之秘闻。	2	1414	1415								
109	4	2858	8	2	3	1	纯阳秘录	纯阳秘录第四章	记载纯阳教之秘闻。	2	1416	1417								
109	5	2859	8	2	3	1	纯阳秘录	纯阳秘录第五章	记载纯阳教之秘闻。	2	1418	1419								
109	6	2859	8	2	3	1	纯阳秘录	纯阳秘录第六章	记载纯阳教之秘闻。	2	1420	1421								
109	7	3001	8	2	3	1	纯阳秘录	纯阳秘录第七章	记载纯阳教之秘闻。	2	1422	1423								
109	8	3001	8	2	3	1	纯阳秘录	纯阳秘录第八章	记载纯阳教之秘闻。	2	1424	1425								
110	1	3001	5	2	3	1	纯阳五真录	玉虚子传	记载纯阳五子之书。	2	1426	1427								
110	2	2858	5	2	3	1	纯阳五真录	灵虚子传	记载纯阳五子之书。	3	1428	1429	1775							
110	3	2858	5	2	3	1	纯阳五真录	清虚子传	记载纯阳五子之书。	6	1430	1431	1776	1777	1778	1779				
110	4	2858	5	2	3	1	纯阳五真录	紫虚子传	记载纯阳五子之书。	3	1432	1433	1780							
110	5	2858	5	2	3	1	纯阳五真录	金虚子传	记载纯阳五子之书。	4	1434	1435	1781	1782						
111	1	3001	8	2	1	1	道藏采英・卷三	朝三暮四	道教典故。	2	1120	1121								
111	2	2859	8	2	1	1	道藏采英・卷三	盗亦有道 	道教典故。	2	1122	1716								
111	3	2862	8	2	1	1	道藏采英・卷三	黄帝遗珠	道教典故。	2	1123	1653								
111	4	2862	8	2	1	1	道藏采英・卷三	轮扁斫轮	道教典故。	3	1124	1125	1656							
111	5	2859	8	2	1	1	道藏采英・卷三	井底之蛙	道教典故。	6	1126	1127	1128	1129	1654	1655				
111	6	2861	8	2	1	1	道藏采英・卷三	子非鱼	道教典故。	2	1130	1657								
111	7	2862	8	2	1	1	道藏采英・卷三	唇亡齿寒上篇	道教典故。	2	1131	1132								
111	8	3529	8	2	1	1	道藏采英・卷三	唇亡齿寒下篇	道教典故。	2	1133	1134								
112	1	5486	8	2	4	2	冲虚丹术・卷二	冲虚丹术第五诀・灵草丹法	纯阳教秘传丹术。	1	1696									
112	2	3001	8	2	4	2	冲虚丹术・卷二	冲虚丹术第六诀・奇花丹法	纯阳教秘传丹术。	1	1697									
112	3	3001	8	2	4	2	冲虚丹术・卷二	冲虚丹术第七诀・圣水丹法	纯阳教秘传丹术。	1	1698									
112	4	2859	8	2	4	2	冲虚丹术・卷二	冲虚丹术第八诀・真果丹法	纯阳教秘传丹术。	1	1695									
112	5	2859	8	2	4	2	冲虚丹术・卷二	冲虚丹术第九诀・耀日丹法	纯阳教秘传丹术。	1	1699									
112	6	2859	8	2	4	2	冲虚丹术・卷二	冲虚丹术第十诀・皓月丹法	纯阳教秘传丹术。	1	1700									
112	7	2859	8	2	4	2	冲虚丹术・卷二	冲虚丹术第十一诀・天星丹法	纯阳教秘传丹术。	1	1701									
112	8	2859	8	2	4	2	冲虚丹术・卷二	冲虚丹术第十二诀・流云丹法	纯阳教秘传丹术。	1	1702									
113	1	2859	8	2	1	2	过海八仙传	八仙传之一	八仙过海，各显神通。	1	1135									
113	2	3001	8	2	1	2	过海八仙传	八仙传之二	八仙过海，各显神通。	1	1136									
113	3	3001	8	2	1	2	过海八仙传	八仙传之三	八仙过海，各显神通。	1	1137									
113	4	3001	8	2	1	2	过海八仙传	八仙传之四	八仙过海，各显神通。	1	1138									
113	5	3001	8	2	1	2	过海八仙传	八仙传之五	八仙过海，各显神通。	1	1139									
113	6	3001	8	2	1	2	过海八仙传	八仙传之六	八仙过海，各显神通。	2	1550	1551								
113	7	2859	8	2	1	2	过海八仙传	八仙传之七	八仙过海，各显神通。	2	1552	1389								
113	8	3001	8	2	1	2	过海八仙传	八仙传之八	八仙过海，各显神通。	2	1390	1391								
114	1	3001	7	2	1	2	四官二十八宿・南官	朱雀・井宿第一	记载朱雀七宿。	1	1163									
114	2	3001	7	2	1	2	四官二十八宿・南官	朱雀・鬼宿第二	记载朱雀七宿。	1	1164									
114	3	2859	7	2	1	2	四官二十八宿・南官	朱雀・柳宿第三	记载朱雀七宿。	1	1165									
114	4	2859	7	2	1	2	四官二十八宿・南官	朱雀・星宿第四	记载朱雀七宿。	1	1166									
114	5	2859	7	2	1	2	四官二十八宿・南官	朱雀・张宿第五	记载朱雀七宿。	1	1167									
114	6	2858	7	2	1	2	四官二十八宿・南官	朱雀・翼宿第六	记载朱雀七宿。	1	1168									
114	7	2859	7	2	1	2	四官二十八宿・南官	朱雀・轸宿第七	记载朱雀七宿。	1	1169									
115	1	5486	4	2	4	2	冲虚丹术・卷一	冲虚丹术第一诀・青龙丹法	纯阳教秘传丹术。	1	1553									
115	2	3001	4	2	4	2	冲虚丹术・卷一	冲虚丹术第二诀・白虎丹法	纯阳教秘传丹术。	1	1554									
115	3	2859	4	2	4	2	冲虚丹术・卷一	冲虚丹术第三诀・朱雀丹法	纯阳教秘传丹术。	1	1555									
115	4	2859	4	2	4	2	冲虚丹术・卷一	冲虚丹术第四诀・玄武丹法	纯阳教秘传丹术。	1	1556									
116	1	2861	2	1	4	1	达摩洗髓经	达摩洗髓经上篇・无我	少林寺秘传武学。	3	1563	1672	1673							
116	2	2862	2	1	4	1	达摩洗髓经	达摩洗髓经下篇・无相	少林寺秘传武学。	3	1564	1674	1675							
117	1	2861	2	2	4	1	清净妙论	清净妙论上篇・舍身	纯阳教秘传武学。	8	1565	1658	1659	1660	1661	1662	1663	1664		
117	2	2862	2	2	4	1	清净妙论、	清净妙论下篇・坐忘	纯阳教秘传武学。	8	1566	1665	1666	1667	1668	1669	1670	1671		
118	1	3001	8	3	1	2	太白诗稿・卷一	上之回	青莲居士李太白的诗稿。	1	1439									
118	2	3001	8	3	1	2	太白诗稿・卷一	塞上曲	青莲居士李太白的诗稿。	1	1440									
118	3	2859	8	3	1	2	太白诗稿・卷一	空城雀	青莲居士李太白的诗稿。	1	1441									
118	4	3528	8	3	1	2	太白诗稿・卷一	发白马	青莲居士李太白的诗稿。	1	1442									
118	5	3528	8	3	1	2	太白诗稿・卷一	枯鱼过河泣	青莲居士李太白的诗稿。	1	1443									
118	6	3001	8	3	1	2	太白诗稿・卷一	君马黄	青莲居士李太白的诗稿。	1	1444									
118	7	3001	8	3	1	2	太白诗稿・卷一	对酒行	青莲居士李太白的诗稿。	1	1445									
118	8	2859	8	3	1	2	太白诗稿・卷一	紫骝马	青莲居士李太白的诗稿。	1	1446									
119	1	3001	8	3	1	2	太白诗稿・卷二	采莲曲	青莲居士李太白的诗稿。	1	1447									
119	2	3001	8	3	1	2	太白诗稿・卷二	杨叛儿	青莲居士李太白的诗稿。	1	1448									
119	3	2859	8	3	1	2	太白诗稿・卷二	入朝曲	青莲居士李太白的诗稿。	1	1449									
119	4	2859	8	3	1	2	太白诗稿・卷二	野田黄雀行	青莲居士李太白的诗稿。	1	1450									
119	5	3001	8	3	1	2	太白诗稿・卷二	乌夜啼	青莲居士李太白的诗稿。	1	1451									
119	6	2858	8	3	1	2	太白诗稿・卷二	乌栖曲	青莲居士李太白的诗稿。	1	1452									
119	7	2858	8	3	1	2	太白诗稿・卷二	临江王节士歌	青莲居士李太白的诗稿。	1	1453									
119	8	3528	8	3	1	2	太白诗稿・卷二	丁督护歌	青莲居士李太白的诗稿。	1	1454									
120	1	3001	8	3	1	2	太白诗稿・卷四	蜀道难	青莲居士李太白的诗稿。	2	1455	1694								
120	2	3001	8	3	1	2	太白诗稿・卷四	梁甫吟	青莲居士李太白的诗稿。	2	1456	1693								
120	3	3001	8	3	1	2	太白诗稿・卷四	战城南	青莲居士李太白的诗稿。	1	1457									
120	4	3001	8	3	1	2	太白诗稿・卷四	将进酒	青莲居士李太白的诗稿。	1	1458									
120	5	3001	8	3	1	2	太白诗稿・卷四	行行游且猎篇	青莲居士李太白的诗稿。	1	1459									
120	6	2858	8	3	1	2	太白诗稿・卷四	飞龙引二首	青莲居士李太白的诗稿。	1	1460									
120	7	3001	8	3	1	2	太白诗稿・卷四	天马歌	青莲居士李太白的诗稿。	1	1461									
120	8	3001	8	3	1	2	太白诗稿・卷四	长相思	青莲居士李太白的诗稿。	2	1462	870								
121	1	2861	2	1	4	2	少林神兵宝甲	伏魔袈裟	少林镇派宝甲的记载。	1	1463									
121	2	2862	2	1	4	2	少林神兵宝甲	沙罗杖	少林镇派神兵的记载。	1	1464									
122	1	2862	2	2	4	2	华山问仙录	神仙自在说	纯阳教秘传典籍。	1	1465									
122	2	2862	2	2	4	2	华山问仙录	凌云心法	纯阳教秘传典籍。	3	1466	1813	1814							
123	1	2860	3	3	3	2	商道	商道第一章	商道第一章	3	1467	1468	1469							
123	2	2860	3	3	3	2	商道	商道第二章	商道第二章	2	1783	1784								
123	3	2862	3	3	3	1	商道	商道第三章	商道第三章	4	1785	1786	1787	1788						
124	1	2862	3	1	4	2	般若心经要诀	般若要诀第一章	佛家武学典籍。	1	142									
124	2	2862	3	1	4	2	般若心经要诀	般若要诀第二章	佛家武学典籍。	1	143									
124	3	2862	3	1	4	2	般若心经要诀	般若要诀第三章	佛家武学典籍。	1	144									
125	1	2862	3	2	4	2	真元秘要	真元秘要之一	道家武学典籍。	1	1473									
125	2	2862	3	2	4	2	真元秘要	真元秘要之二	道家武学典籍。	1	1474									
125	3	2862	3	2	4	2	真元秘要	真元秘要之三	道家武学典籍。	1	1475									
126	1	2862	4	3	4	2	寒冰诀疏义	寒冰诀疏义第一章・风寒	寒冰诀疏义第一章・风寒	1	1567									
126	2	2862	4	3	4	2	寒冰诀疏义	寒冰诀疏义第二章・雪舞	寒冰诀疏义第二章・雪舞	1	1568									
126	3	2862	4	3	4	2	寒冰诀疏义	寒冰诀疏义第三章・冰凝	寒冰诀疏义第三章・冰凝	1	1569									
126	4	2862	4	3	4	2	寒冰诀疏义	寒冰诀疏义第四章・意冷	寒冰诀疏义第四章・意冷	1	1570									
127	1	2862	4	3	4	2	凝神奥义诀	奥义诀第一章・元气	刀宗秘传武学。	1	1571									
127	2	2862	4	3	4	2	凝神奥义诀	奥义诀第二章・心神	刀宗秘传武学。	1	1572									
127	3	2862	4	3	4	2	凝神奥义诀	奥义诀第三章・刀意	刀宗秘传武学。	1	1573									
127	4	2862	4	3	4	2	凝神奥义诀	奥义诀第四章・天地同归	刀宗秘传武学。	1	1574									
128	1	2862	5	3	3	1	十恶传・卷上	白衣雪魔王遗风・上	恶人谷十大恶人之故事。	7	1575	1576	1577	1578	1579	1580	1581			
128	2	2862	5	3	3	1	十恶传・卷上	白衣雪魔王遗风・中	恶人谷十大恶人之故事。	7	1582	1792	1793	1794	1795	1796	1797			
128	3	2860	5	3	3	1	十恶传・卷上	白衣雪魔王遗风・下	恶人谷十大恶人之故事。	5	1798	1799	1800	1801	1802					
128	4	2860	5	3	3	1	十恶传・卷上	夺命阎王肖药儿・上	恶人谷十大恶人之故事。	2	1803	1804								
128	5	2862	5	3	3	1	十恶传・卷上	夺命阎王肖药儿・下	恶人谷十大恶人之故事。	3	1805	1806	1807							
129	1	2862	5	3	3	1	七星传・卷上	天枢・上	浩气盟七星之故事。	3	1808	1809	1810							
129	2	2862	5	3	3	1	七星传・卷上	天枢・中	浩气盟七星之故事。	3	1811	1812	1826							
129	3	2860	5	3	3	1	七星传・卷上	天枢・下	浩气盟七星之故事。	4	1827	1828	1829	1830						
129	4	2860	5	3	3	1	七星传・卷上	天玑・上	浩气盟七星之故事。	3	1831	1832	1833							
129	5	2862	5	3	3	1	七星传・卷上	天玑・下	浩气盟七星之故事。	3	1834	1835	1836							
130	1	2862	3	3	3	1	江湖录・卷一	江湖录第一章・少林	大唐江湖一览。	4	1585	1586	1587	1588						
130	2	2862	3	3	3	1	江湖录・卷一	江湖录第二章・纯阳	大唐江湖一览。	4	1589	1590	1591	1592						
130	3	2862	3	3	3	1	江湖录・卷一	江湖录第三章・长歌	大唐江湖一览。	2	1593	1837								
131	1	2862	3	3	3	1	江湖录・卷二	江湖录第四章・天策	大唐江湖一览。	5	1838	1839	1840	1841	1842					
131	2	2862	3	3	3	1	江湖录・卷二	江湖录第五章・七秀	大唐江湖一览。	4	1843	1844	1845	1846						
131	3	2862	3	3	3	1	江湖录・卷二	江湖录第六章・万花	大唐江湖一览。	4	1847	1848	1849	1850						
132	1	2862	3	3	3	1	江湖录・卷三	江湖录第七章・昆仑	大唐江湖一览。	4	1851	1852	1853	1854						
132	2	2862	3	3	3	1	江湖录・卷三	江湖录第八章・唐门	大唐江湖一览。	6	1855	1856	1857	1858	1859	1860				
132	3	2862	3	3	3	1	江湖录・卷三	江湖录第九章・丐帮	大唐江湖一览。	4	1861	1862	1863	1864						
133	1	2862	5	1	4	2	大力金刚掌	大力金刚掌第一式	佛家秘传武学。	1	1594									
133	2	2862	5	1	4	2	大力金刚掌	大力金刚掌第二式	佛家秘传武学。	1	1595									
133	3	2862	5	1	4	2	大力金刚掌	大力金刚掌第三式	佛家秘传武学。	1	1596									
133	4	2862	5	1	4	2	大力金刚掌	大力金刚掌第四式	佛家秘传武学。	1	1597									
133	5	2862	5	1	4	2	大力金刚掌	大力金刚掌第五式	佛家秘传武学。	1	1598									
134	1	2862	5	2	4	1	纯阳诀	纯阳诀其一	南华真君庄子所著。	2	1599	1600								
134	2	2862	5	2	4	1	纯阳诀	纯阳诀其二	纯阳上乘内功口诀。	2	1601	1602								
134	3	2862	5	2	4	1	纯阳诀	纯阳诀其三	南华真君庄子所著。	2	1603	1816								
134	4	2862	5	2	4	1	纯阳诀	纯阳诀其四	南华真君庄子所著。	2	1817	1818								
134	5	2862	5	2	4	1	纯阳诀	纯阳诀其五	南华真君庄子所著。	2	1819	1820								
135	1	2862	5	3	2	2	七秀剑舞诀	七秀剑舞诀第一章	七秀坊公孙氏剑舞秘诀。	1	1604									
135	2	2862	5	3	2	2	七秀剑舞诀	七秀剑舞诀第二章	七秀坊公孙氏剑舞秘诀。	1	1605									
135	3	2862	5	3	2	2	七秀剑舞诀	七秀剑舞诀第三章	七秀坊公孙氏剑舞秘诀。	1	1606									
135	4	2862	5	3	2	2	七秀剑舞诀	七秀剑舞诀第四章	七秀坊公孙氏剑舞秘诀。	1	1607									
135	5	2862	5	3	2	2	七秀剑舞诀	七秀剑舞诀第五章	七秀坊公孙氏剑舞秘诀。	1	1608									
136	1	2862	5	3	2	1	太宗兵法	太宗兵法第一章	太宗皇帝所传之兵法。	2	1609	1610								
136	2	2862	5	3	2	1	太宗兵法	太宗兵法第二章	太宗皇帝所传之兵法。	2	1611	1612								
136	3	2862	5	3	2	1	太宗兵法	太宗兵法第三章	太宗皇帝所传之兵法。	2	1613	1821								
136	4	2862	5	3	2	1	太宗兵法	太宗兵法第四章	太宗皇帝所传之兵法。	2	1822	1823								
136	5	2862	5	3	2	1	太宗兵法	太宗兵法第五章	太宗皇帝所传之兵法。	2	1824	1825								
137	1	2862	5	3	2	2	万花岐黄术	万花岐黄术第一章	万花谷秘传医书。	1	1614									
137	2	2862	5	3	2	2	万花岐黄术	万花岐黄术第二章	秘传中医医书。	1	1615									
137	3	2862	5	3	2	2	万花岐黄术	万花岐黄术第三章	万花谷秘传医书。	1	1616									
137	4	2862	5	3	2	2	万花岐黄术	万花岐黄术第四章	万花谷秘传医书。	1	1617									
137	5	2862	5	3	2	2	万花岐黄术	万花岐黄术第五章	万花谷秘传医书。	1	1618									
138	1	3001	5	3	3	1	江湖名门录	江湖名门录之一	介绍江湖名门大派之作。	2	1731	1732								
138	2	5486	5	3	3	1	江湖名门录	江湖名门录之二	介绍江湖名门大派之作。	2	1733	1734								
138	3	2858	5	3	3	1	江湖名门录	江湖名门录之三	介绍江湖名门大派之作。	2	1735	1736								
138	4	3001	5	3	3	1	江湖名门录	江湖名门录之四	介绍江湖名门大派之作。	2	1737	1738								
138	5	2858	5	3	3	1	江湖名门录	江湖名门录之五	介绍江湖名门大派之作。	2	1739	1740								
139	1	3001	8	3	3	1	神匠技艺	神匠技艺之一	介绍巧匠技艺之作。	2	1759	1760								
139	2	2858	8	3	3	1	神匠技艺	神匠技艺之二	介绍巧匠技艺之作。	2	1761	1762								
139	3	2858	8	3	3	1	神匠技艺	神匠技艺之三	介绍巧匠技艺之作。	2	1763	1764								
139	4	3528	8	3	3	1	神匠技艺	神匠技艺之四	介绍巧匠技艺之作。	2	1765	1766								
139	5	3001	8	3	3	1	神匠技艺	神匠技艺之五	介绍巧匠技艺之作。	2	1767	1768								
139	6	3001	8	3	3	1	神匠技艺	神匠技艺之六	介绍巧匠技艺之作。	2	1769	1770								
139	7	3001	8	3	3	1	神匠技艺	神匠技艺之七	介绍巧匠技艺之作。	2	1771	1772								
139	8	3001	8	3	3	1	神匠技艺	神匠技艺之八	介绍巧匠技艺之作。	2	1773	1774								
140	1	3001	8	3	3	1	武林杂记	武林杂记之一	介绍江湖势力的秘卷。	2	1741	1742								
140	2	3001	8	3	3	1	武林杂记	武林杂记之二	介绍江湖势力的秘卷。	4	1743	1744	1745	1746						
140	3	2858	8	3	3	1	武林杂记	武林杂记之三	介绍江湖势力的秘卷。	2	1747	1748								
140	4	5486	8	3	3	1	武林杂记	武林杂记之四	介绍江湖势力的秘卷。	2	1749	1750								
140	5	3001	8	3	3	1	武林杂记	武林杂记之五	介绍江湖势力的秘卷。	2	1751	1752								
140	6	2858	8	3	3	1	武林杂记	武林杂记之六	介绍江湖势力的秘卷。	2	1753	1754								
140	7	2858	8	3	3	1	武林杂记	武林杂记之七	介绍江湖势力的秘卷。	2	1755	1756								
140	8	3001	8	3	3	1	武林杂记	武林杂记之八	介绍江湖势力的秘卷。	2	1757	1758								
141	1	3001	8	3	3	1	问世间情为何物之一	牛郎织女	关于情的故事。	5	1907	1908	1909	1910	1911					
141	2	3001	8	3	3	1	问世间情为何物之一	孟姜女哭长城	关于情的故事。	4	1912	1913	1914	1915						
141	3	5486	8	3	3	1	问世间情为何物之一	白蛇传	关于情的故事。	6	1916	1917	1918	1919	1920	1921				
141	4	2859	8	3	3	1	问世间情为何物之一	梁山伯与祝英台	关于情的故事。	3	1922	1923	1924							
141	5	3528	8	3	3	1	问世间情为何物之一	天仙配	关于情的故事。	2	1925	1926								
141	6	3001	8	3	3	1	问世间情为何物之一	柳毅传	关于情的故事。	1	1927									
141	7	2858	8	3	3	1	问世间情为何物之一	女神巨蟒勇士相随	关于情的故事。	2	1928	1929								
141	8	3001	8	3	3	1	问世间情为何物之一	田螺姑娘	关于情的故事。	7	1930	1931	1932	1933	1934	1935	1936			
142	1	2860	8	3	3	2	问世间情为何物之二	孔雀东南飞	关于情的故事。	10	1937	1938	1939	1940	1941	1942	1943	1944	1945	1946
142	2	2858	8	3	3	1	问世间情为何物之二	陌上桑	关于情的故事。	2	1947	1948								
142	3	3001	8	3	3	1	问世间情为何物之二	郭华郎与王月英	关于情的故事。	1	1949									
142	4	2859	8	3	3	1	问世间情为何物之二	螺女逃婚	关于情的故事。	7	1950	1951	1952	1953	1954	1955	1956			
142	5	2858	8	3	3	1	问世间情为何物之二	霸王别姬	关于情的故事。	2	1957	1958								
142	6	3001	8	3	3	1	问世间情为何物之二	洛神宓妃	关于情的故事。	3	1959	1960	1961							
142	7	2858	8	3	3	1	问世间情为何物之二	洛神赋	关于情的故事。	5	1962	1963	1964	1965	1966					
142	8	3001	8	3	3	1	问世间情为何物之二	乘龙快婿	关于情的故事。	3	1967	1968	1969							
143	1	3001	8	3	3	1	问世间情为何物之三	文君夜奔相如	关于情的故事。	2	1970	1971								
143	2	5486	8	3	3	1	问世间情为何物之三	破镜重圆	关于情的故事。	5	1972	1973	1974	1975	1976					
143	3	2858	8	3	3	1	问世间情为何物之三	樊梨花与薛丁山	关于情的故事。	2	1977	1978								
143	4	3529	8	3	3	1	问世间情为何物之三	干将莫邪	关于情的故事。	5	1979	1980	1981	1982	1983					
143	5	3001	8	3	3	1	问世间情为何物之三	娥皇女英	关于情的故事。	2	1984	1985								
143	6	3001	8	3	3	1	问世间情为何物之三	金屋藏娇	关于情的故事。	3	1986	1987	1988							
143	7	2858	8	3	3	1	问世间情为何物之三	铜雀春深锁二乔	关于情的故事。	4	1989	1990	1991	1992						
143	8	3001	8	3	3	1	问世间情为何物之三	诸葛亮与黄月英 	关于情的故事。	2	1993	1994								
144	1	2858	3	3	3	1	鹿王本生	鹿王本生・上	九色鹿的传说。	2	2020	2021								
144	2	2859	3	3	3	1	鹿王本生	鹿王本生・中	九色鹿的传说。	2	2022	2023								
144	3	2858	3	3	3	1	鹿王本生	鹿王本生・下	九色鹿的传说。	2	2024	2025								
145	1	5486	8	3	1	1	月夕佳话	嫦娥奔月	明月皎皎，中秋佳节	4	2027	2028	2029	2030						
145	2	3001	8	3	1	1	月夕佳话	吴刚伐桂	明月皎皎，中秋佳节	5	2033	2034	2035	2036	2037					
145	3	3001	8	3	1	1	月夕佳话	玉兔捣药	明月皎皎，中秋佳节	1	2038									
145	4	3001	8	3	1	1	月夕佳话	玉兔入月宫	明月皎皎，中秋佳节	2	2039	2040								
145	5	3001	8	3	1	2	月夕佳话	月下独酌	明月皎皎，中秋佳节	1	2041									
145	6	2858	8	3	1	2	月夕佳话	秋宵月下有怀	明月皎皎，中秋佳节	1	2031									
145	7	2858	8	3	1	2	月夕佳话	望月怀远	明月皎皎，中秋佳节	1	2032									
145	8	2859	8	3	1	2	月夕佳话	八月十五夜月	明月皎皎，中秋佳节	1	2026									
146	1	2858	8	3	1	2	冬至佳话	拂林风情录	辞旧迎新，元旦佳节。	1	2046									
146	2	2858	8	3	1	2	冬至佳话	元旦春始记	辞旧迎新，元旦佳节。	1	2047									
146	3	2859	8	3	1	3	冬至佳话	团团的画像	辞旧迎新，元旦佳节。	1	2050									
146	4	2862	8	3	1	2	冬至佳话	隐元食鉴・盘龙饺	辞旧迎新，元旦佳节。	1	2048									
146	5	2862	8	3	1	2	冬至佳话	隐元食鉴・戏凤饺	辞旧迎新，元旦佳节。	1	2049									
146	6	3001	8	3	1	2	冬至佳话	冬至书・溯源	辞旧迎新，元旦佳节。	1	2043									
146	7	3001	8	3	1	2	冬至佳话	冬至书・民俗	辞旧迎新，元旦佳节。	1	2044									
146	8	3001	8	3	1	2	冬至佳话	冬至书・诗词	辞旧迎新，元旦佳节。	1	2045									
147	1	2862	8	3	1	3	画春	剪纸：龙腾	春留倩影，轻剪诗情。	1	2057									
147	2	2862	8	3	1	3	画春	剪纸：虎跃	春留倩影，轻剪诗情。	1	2055									
147	3	2862	8	3	1	3	画春	剪纸：凤舞	春留倩影，轻剪诗情。	1	2051									
147	4	2862	8	3	1	3	画春	剪纸：鹤立	春留倩影，轻剪诗情。	1	2053									
147	5	2862	8	3	1	3	画春	剪纸：鱼游	春留倩影，轻剪诗情。	1	2058									
147	6	2862	8	3	1	3	画春	剪纸：福	春留倩影，轻剪诗情。	1	2052									
147	7	2862	8	3	1	3	画春	剪纸：吉	春留倩影，轻剪诗情。	1	2056									
147	8	2862	8	3	1	3	画春	剪纸：	春留倩影，轻剪诗情。	1	2054									
148	1	3001	4	3	1	1	节分端午自谁言	节分端午自谁言・屈原	九子粽,五彩丝。	1	2063									
148	2	3001	4	3	1	1	节分端午自谁言	节分端午自谁言・曹娥	九子粽,五彩丝。	1	2061									
148	3	2861	4	3	1	1	节分端午自谁言	节分端午自谁言・伍子胥	九子粽,五彩丝。	1	2064									
148	4	2860	4	3	1	1	节分端午自谁言	节分端午自谁言・恶日	九子粽,五彩丝。	1	2062									
149	1	7934	3	3	1	1	兽言乱语	虎言乱语	内藏控虎之术。	2	2065	2066								
149	2	7934	3	3	1	1	兽言乱语	兔言乱语	内藏控兔之术。	2	2067	2068								
149	3	7934	3	3	1	1	兽言乱语	龙言乱语	内藏控龙之术（新年福瑞厚，神兽佑丰收；如若灾祸至，辰龙乃方舟）。	2	2426	2429	0	0	0	0	0	0	0	0
150	1	8022	8				红尘恩怨	红尘学艺	红尘学艺	2	2078	2079								
150	2	8022	8	1			红尘恩怨	废而后立	废而后立	2	2072	2075	2090							
150	3	8022	8				红尘恩怨	血眼情殇	血眼情殇	2	2091	2088	2089							
150	4	8022	8				红尘恩怨	复仇大计	复仇大计	2	2076	2077	2091							
150	5	8022	8				红尘恩怨	屠城血魔	屠城血魔	2	2082	2083								
150	6	8022	8				红尘恩怨	物极必反	物极必反	2	2084	2085								
150	7	8022	8				红尘恩怨	血龙出渊	血龙出渊	2	2086	2087								
150	8	8022	8				红尘恩怨	深仇难报	深仇难报	2	2080	2081								
151	1	8022	8				血龙之谜	南屏山事件第一章	南屏山事件第一章	2	2099	2100								
151	2	8022	8				血龙之谜	南屏山事件第二章	南屏山事件第二章	2	2092	2093								
151	3	8022	8				血龙之谜	南屏山事件第三章	南屏山事件第三章	2	2094	2095								
151	4	8022	8				血龙之谜	南屏山事件第四章	南屏山事件第四章	3	2096	2097	2098							
151	5	8022	8				血龙之谜	山河社稷图第一章	山河社稷图第一章	2	2106	2107								
151	6	8022	8				血龙之谜	山河社稷图第二章	山河社稷图第二章	2	2101	2102								
151	7	8022	8				血龙之谜	山河社稷图第三章	山河社稷图第三章	2	2103	2104								
151	8	8022	8				血龙之谜	山河社稷图第四章	山河社稷图第四章	1	2105									
152	1	8022	8				血龙秘闻：达摩龙窟	潜龙勿用	潜龙勿用	1	2116									
152	2	8022	8				血龙秘闻：达摩龙窟	囚龙之地	囚龙之地	2	2117	2118								
152	3	8022	8				血龙秘闻：达摩龙窟	血龙旧部	血龙旧部	2	2121	2122								
152	4	8022	8				血龙秘闻：达摩龙窟	兄妹情深	兄妹情深	2	2119	2120								
152	5	8022	8				血龙秘闻：达摩龙窟	奸计得逞	奸计得逞	2	2110	2111								
152	6	8022	8				血龙秘闻：达摩龙窟	冷血刺客	冷血刺客	2	2114	2115								
152	7	8022	8				血龙秘闻：达摩龙窟	解龙之锁	解龙之锁	2	2112	2113								
152	8	8022	8				血龙秘闻：达摩龙窟	飞龙在天	飞龙在天	2	2108	2109								
153	1	8026	8			1	长安客书稿	自题	自题	1	2127									
153	2	8026	8			1	长安客书稿	倒句	倒句	1	2128									
153	3	8025	8			1	长安客书稿	醉题	醉题	1	2129									
153	4	8021	8			1	长安客书稿	荷	荷	1	2130									
153	5	8021	8			1	长安客书稿	春	春	1	2124	2131								
153	6	8025	8			1	长安客书稿	秋	秋	2	2132	2133								
153	7	8026	8			1	长安客书稿	夜	夜	2	2134	2135								
153	8	8021	8			1	长安客书稿	念	念	3	2136	2137	2138							
154	1	8025	8			1	苗岭异事	苗岭异事其一	苗岭异事其一	1	2139									
154	2	8025	8			1	苗岭异事	苗岭异事其二	苗岭异事其二	1	2140									
154	3	8025	8			1	苗岭异事	苗岭异事其三	苗岭异事其三	1	2141									
154	4	8025	8			1	苗岭异事	苗岭异事其四	苗岭异事其四	1	2142									
154	5	8025	8			1	苗岭异事	苗岭异事其五	苗岭异事其五	1	2143									
154	6	8025	8			1	苗岭异事	苗岭异事其六	苗岭异事其六	1	2144									
154	7	8025	8			1	苗岭异事	苗岭异事其七	苗岭异事其七	1	2145									
154	8	8025	8			1	苗岭异事	苗岭异事其八	苗岭异事其八	1	2146	2147								
155	1	8026	8			1	谢渊列传	天策新星	天策新星	2	2148	2149								
155	2	8025	8			1	谢渊列传	一战成名	一战成名	2	2150	2151								
155	3	8026	8			1	谢渊列传	白身入天策	白身入天策	1	2152									
155	4	8026	8			1	谢渊列传	力夺金牌	力夺金牌	1	2153									
155	5	8021	8			1	谢渊列传	浩气主人	浩气主人	2	2154	2155								
155	6	8025	8			1	谢渊列传	名满江湖	名满江湖	1	2156									
155	7	8021	8			1	谢渊列传	武林盟主	武林盟主	1	2157									
155	8	8021	8			1	谢渊列传	故人遗孤	故人遗孤	2	2158	2159								
156	1	8026	7			1	天之九野	九天初鸣	九天初鸣	2	2160	2161								
156	2	8026	7			1	天之九野	平天下	平天下	2	2162	2163								
156	3	8025	7			1	天之九野	帝王野望	帝王野望	2	2164	2165								
156	4	8021	7			1	天之九野	内乱新规	内乱新规	2	2166	2167								
156	5	8026	7			1	天之九野	信念	信念	2	2168	2169								
156	6	8025	7			1	天之九野	剑之圣者	剑之圣者	4	2170	2171	2172	2173						
156	7	8021	7			1	天之九野	鬼谋	鬼谋	2	2174	2175								
157	1	8026	7			1	星宿老仙	无机子创派	无机子创派	1	2176									
157	2	8025	7			1	星宿老仙	大饥荒之年	大饥荒之年	1	2177									
157	3	8026	7			1	星宿老仙	伪善本源	伪善本源	1	2178									
157	4	8026	7			1	星宿老仙	刺龙子与星见术	刺龙子与星见术	2	2179	2180								
157	5	8025	7			1	星宿老仙	残酷门规	残酷门规	2	2181	2182								
157	6	8021	7			1	星宿老仙	千秋法师	千秋法师	2	2183	2184								
157	7	8021	7			1	星宿老仙	上代角木	上代角木	2	2185	2186								
158	1	8021	6			1	苗族制蛊秘术	金蝉蛊	金蝉蛊	1	2187									
158	2	8025	6			1	苗族制蛊秘术	泥鳅蛊	泥鳅蛊	1	2188									
158	3	8026	6			1	苗族制蛊秘术	云南金沙蛊	云南金沙蛊	1	2189									
158	4	8026	6			1	苗族制蛊秘术	四川彝蛊	四川彝蛊	1	2190									
158	5	8025	6			1	苗族制蛊秘术	植物蛊	植物蛊	1	2191									
158	6	8026	6			1	苗族制蛊秘术	针蛊	针蛊	1	2192									
159	1	8021	5			1	千金方	太上五蛊丸	太上五蛊丸	1	2193									
159	2	8025	5			1	千金方	太一追命丸	太一追命丸	1	2194									
159	3	8026	5			1	千金方	治人得药杂蛊方	治人得药杂蛊方	1	2195									
159	4	8026	5			1	千金方	犀角丸	犀角丸	1	2196									
159	5	8021	5			1	千金方	制蛊毒方	制蛊毒方	1	2197									
160	1	8021	6			1	西南神话故事传说	龙女拜观音	龙女拜观音	2	2198	2199								
160	2	8025	6			1	西南神话故事传说	泸沽湖的传说	泸沽湖的传说	2	2200	2201								
160	3	8026	6			1	西南神话故事传说	洱海鱼鹰	洱海鱼鹰	2	2202	2203								
160	4	8026	6			1	西南神话故事传说	女神的故事	女神的故事	2	2204	2205								
160	5	8021	6			1	西南神话故事传说	火把节的传说	火把节的传说	2	2206	2207								
160	6	8025	6			1	西南神话故事传说	泼水节	泼水节	2	2208	2209								
161	1	8026	4			1	神异经・西荒经	四凶―饕餮	四凶・饕餮	1	2210									
161	2	8025	4			1	神异经・西荒经	四凶・杌	四凶・杌	1	2213									
161	3	8021	4			1	神异经・西荒经	四凶―穷奇	四凶・穷奇	1	2211									
161	4	8025	4			1	神异经・西荒经	四凶・混沌	四凶・混沌	1	2212									
162	1	8026	5			1	大唐军建秘录	军队体制编制	军队体制编制	1	2214									
162	2	8026	5			1	大唐军建秘录	禁军	禁军	1	2215									
162	3	8025	5			1	大唐军建秘录	团结兵	团结兵	1	2216									
162	4	8021	5			1	大唐军建秘录	唐后期的军队	唐后期的军队	1	2217									
162	5	8021	5			1	大唐军建秘录	藩镇军	大唐军建秘录	1	2218									
163	1	8021	8			1	段族旧事	共叔段起兵	共叔段起兵	1	2219									
163	2	8025	8			1	段族旧事	北地都督	北地都督	1	2220									
163	3	8026	8			1	段族旧事	大理宫与天龙寺	大理宫与天龙寺	1	2221									
163	4	8026	8			1	段族旧事	六脉神剑	两宫之争	1	2222									
163	5	8025	8			1	段族旧事	第一家	第一家	1	2223									
163	6	8026	8			1	段族旧事	家族的威胁	家族的威胁	2	2224	2225								
163	7	8021	8			1	段族旧事	两宫之争	两宫之争	2	2226	2227								
163	8	8021	8			1	段族旧事	不牢固的战车	不牢固的战车	1	2228									
164	1	8025	8			1	红尘遗秘	红尘	红尘	1	2229									
164	2	8026	8			1	红尘遗秘	圆睿	圆睿	2	2230	2231								
164	3	8026	8			1	红尘遗秘	心结	心结	1	2232									
164	4	8026	8			1	红尘遗秘	文小月・一	文小月・一	2	2233	2234								
164	5	8021	8			1	红尘遗秘	文小月・二	文小月・二	1	2235									
164	6	8021	8			1	红尘遗秘	遗风公子	遗风公子	2	2236	2237								
164	7	8025	8			1	红尘遗秘	月圆之变	月圆之变	1	2238									
164	8	8026	8			1	红尘遗秘	一怒倾城	一怒倾城	2	2239	2240								
165	1	8026	8			1	蛮人志异	英雄的族	英雄的族	1	2241									
165	2	8026	8			1	蛮人志异	王与四勇士	王与四勇士	1	2242									
165	3	8021	8			1	蛮人志异	天上神	天上神	1	2243									
165	4	8025	8			1	蛮人志异	神木	神木	2	2244	2245								
165	5	8021	8			1	蛮人志异	舞与猎	舞与猎	2	2246	2247								
165	6	8021	8			1	蛮人志异	花山节	花山节	2	2248	2249								
165	7	8025	8			1	蛮人志异	羊与鹿	羊与鹿	1	2250									
165	8	8021	8			1	蛮人志异	虎与狼	虎与狼	1	2251									
166	1	8026	6			1	五仙圣地	无心岭	无心岭	1	2252									
166	2	8026	6			1	五仙圣地	五圣教村落	五圣教村落	1	2253									
166	3	8025	6			1	五仙圣地	圣兽潭	圣兽潭	1	2254									
166	4	8021	6			1	五仙圣地	锭山瀑布	锭山瀑布	1	2255									
166	5	8026	6			1	五仙圣地	大祭坛	大祭坛	1	2256									
166	6	8021	6			1	五仙圣地	祝融神殿	祝融神殿	1	2257									
167	1	8025	4			1	牡丹	花俏书生	花俏书生	2	2258	2259								
167	2	8025	4			1	牡丹	洱海王子	洱海王子	2	2260	2261								
167	3	8025	4			1	牡丹	六诏之乱	六诏之乱	2	2262	2263								
167	4	8025	4			1	牡丹	牡丹与阿萨辛	牡丹与阿萨辛	2	2264	2265								
168	1	8025	4			1	圣蛇・姬无双	六大恶魔	六大恶魔	2	2266	2267								
168	2	8025	4			1	圣蛇・姬无双	塔洛马蒂之鼻	塔洛马蒂之鼻	1	2268									
168	3	8025	4			1	圣蛇・姬无双	蛇厨子	蛇厨子	1	2269									
168	4	8025	4			1	圣蛇・姬无双	背叛的后果	背叛的后果	1	2270									
169	1	8025	4			1	慕容追风	背棺者	背棺者	2	2271	2272								
169	2	8025	4			1	慕容追风	爱与责任	爱与责任	2	2273	2274								
169	3	8025	4			1	慕容追风	红尘相守	红尘相守	2	2275	2276								
169	4	8025	4			1	慕容追风	永远的伴	永远的伴	1	2277									
170	1	8025	4			1	卫栖梧	卫七少	卫七少	1	2278									
170	2	8025	4			1	卫栖梧	千里相送	千里相送	1	2279									
170	3	8025	4			1	卫栖梧	黄山盗书	黄山盗书	1	2280									
170	4	8025	4			1	卫栖梧	神偷侠盗	神偷侠盗	1	2281									
171	1	8025	5			1	阿萨辛	绝代双骄	绝代双骄	2	2282	2283								
171	2	8025	5			1	阿萨辛	中土之行	中土之行	2	2284	2285								
171	3	8025	5			1	阿萨辛	阴阳论	阴阳论	2	2286	2287								
171	4	8025	5			1	阿萨辛	多歧路	多歧路	2	2288	2289								
171	5	8025	5			1	阿萨辛	二元阿萨辛	二元阿萨辛	2	2290	2291								
172	1	8025	4			1	沙利亚	少女旧事	少女旧事	1	2292									
172	2	8025	4			1	沙利亚	两心知	两心知	2	2293	2294								
172	3	8025	4			1	沙利亚	负心人	负心人	1	2295									
172	4	8025	4			1	沙利亚	当时的心情	当时的心情	1	2296									
173	1	8025	4			1	慕容夫人	曾记得	曾记得	2	2297	2298								
173	2	8025	4			1	慕容夫人	贤妻的规条	贤妻的规条	2	2299	2300								
173	3	8025	4			1	慕容夫人	爱子的下落	爱子的下落	1	2301									
173	4	8025	4			1	慕容夫人	醒来之日	醒来之日	1	2302									
174	1	8025	4			1	乌蒙贵之标本作品集	乌蒙贵的作品	乌蒙贵的作品	1	2303									
174	2	8025	4			1	乌蒙贵之标本作品集	蟒熊猿狼	蟒熊猿狼	1	2304									
174	3	8025	4			1	乌蒙贵之标本作品集	标本之蛇与猿	标本之蛇与猿	2	2305	2306								
174	4	8025	4			1	乌蒙贵之标本作品集	标本之熊与狼	标本之熊与狼	2	2307	2308								
175	1	8025	4			1	辽东第一擂	北霸枪	北霸枪	1	2309									
175	2	8025	4			1	辽东第一擂	辽东火凤	辽东火凤	2	2310	2311								
175	3	8025	4			1	辽东第一擂	琼楼玉宇	琼楼玉宇	1	2312									
175	4	8025	4			1	辽东第一擂	金风玉露	金风玉露	2	2313	2314								
176	1	8025	1			1	龙渊第二擂・杂贺三忍	杂贺火忍・雾隐寅藏	杂贺火忍・雾隐寅藏	1	2315									
176	2	8025	4			1	龙渊第二擂・杂贺三忍	杂贺冰忍・杂贺源五郎	杂贺冰忍・杂贺源五郎	1	2316									
176	3	8025	4			1	龙渊第二擂・杂贺三忍	杂贺阴忍・仓凛柿子	杂贺阴忍・仓凛柿子	1	2317									
176	4	8025	4			1	龙渊第二擂・杂贺三忍	杂贺忍者	杂贺忍者	2	2318	2319								
177	1	8025	4			1	龙渊第三擂・风魔兄弟	风魔家大公子・风魔空	风魔家大公子・风魔空	1	2320									
177	2	8025	4			1	龙渊第三擂・风魔兄弟	风魔家总师范・风魔钢	风魔家总师范・风魔钢	1	2321									
177	3	8025	4			1	龙渊第三擂・风魔兄弟	风魔世家	风魔世家	2	2322	2323								
177	4	8025	4			1	龙渊第三擂・风魔兄弟	雪麒剑	雪麒剑	2	2324	2325								
178	1	8025	4			1	龙渊第四擂 南诏双雄	蛮将・苏贝德哈	蛮将・苏贝德哈	1	2327									
178	2	8025	4			1	龙渊第四擂 南诏双雄	蛮帅・里赤梅	蛮帅・里赤梅	1	2326									
178	3	8025	4			1	龙渊第四擂 南诏双雄	虎族	虎族	2	2328	2329								
178	4	8025	4			1	龙渊第四擂 南诏双雄	藤蓝甲	藤蓝甲	2	2330	2331								
179	1	8025	4			1	龙渊第五擂	骨面天君	骨面天君	2	2332	2333								
179	2	8025	4			1	龙渊第五擂	鹰眼客	鹰眼客	2	2334	2335								
179	3	8025	4			1	龙渊第五擂	树敌万千	树敌万千	2	2336	2337								
179	4	8025	4			1	龙渊第五擂	醉蝶林之战	醉蝶林之战	2	2338	2339								
180	1	8027	4			1	酒醉问月	把酒问月	把酒问月	1	2341										
180	2	8027	4			1	酒醉问月	饮中八仙歌	饮中八仙歌	1	2344										
180	3	7939	4			1	酒醉问月	貂蝉拜月	貂蝉拜月	2	2342	2343									
180	4	8025	4			1	酒醉问月	中秋燃灯	中秋燃灯	2	2345	2346									
181	1	8025	8			1	唐门轶事	唐门姐妹	唐门姐妹	1	2364									
181	2	8025	8			1	唐门轶事	庙会初遇	庙会初遇	3	2352	2353	2354							
181	3	8025	8			1	唐门轶事	芳心暗许	芳心暗许	3	2347	2348	2349							
181	4	8025	8			1	唐门轶事	任务遇险	任务遇险	3	2361	2362	2363							
181	5	8025	8			1	唐门轶事	难解心魔	难解心魔	2	2355	2356								
181	6	8025	8			1	唐门轶事	求师学艺	求师学艺	2	2359	2360								
181	7	8025	8			1	唐门轶事	你救了我	你救了我	2	2357	2358								
181	8	8025	8			1	唐门轶事	宽恕	宽恕	2	2350	2351								
182	1	8025	8			3	美人图册・春芳	纯阳玉颜画像	纯阳玉颜画像	1	2416									
182	2	8025	8			3	美人图册・春芳	纯阳风骨画像	纯阳风骨画像	1	2406									
182	3	8025	8			3	美人图册・春芳	万花佳人画像	万花佳人画像	1	2410									
182	4	8025	8			3	美人图册・春芳	万花名士画像	万花名士画像	1	2411									
182	5	8025	8			3	美人图册・春芳	天策英少画像	天策英少画像	1	2409									
182	6	8025	8			3	美人图册・春芳	天策巾帼画像	天策巾帼画像	1	2408									
182	7	8025	8			3	美人图册・春芳	藏剑公子画像	藏剑公子画像	1	2405									
182	8	8025	8			3	美人图册・春芳	藏剑闺秀画像	藏剑闺秀画像	1	2404									
183	1	8025	8			3	美人图册・幻夏	五毒天姿画像	五毒天姿画像	1	2420									
183	2	8025	8			3	美人图册・幻夏	五毒朗俊画像	五毒朗俊画像	1	2419									
183	3	8025	8			3	美人图册・幻夏	少林大师画像	少林大师画像	1	2415									
183	4	8025	8			3	美人图册・幻夏	七秀国色画像	七秀国色画像	1	2414									
183	5	8025	8			3	美人图册・幻夏	纯阳含香画像	纯阳含香画像	1	2413									
183	6	8025	8			3	美人图册・幻夏	万花娇娘画像	万花娇娘画像	1	2418									
183	7	8025	8			3	美人图册・幻夏	天策女杰画像	天策女杰画像	1	2417									
183	8	8025	8			3	美人图册・幻夏	藏剑千金画像	藏剑千金画像	1	2412									
184	1	8025	8			3	美人图册・秋忆	五毒幽兰画像	五毒幽兰画像	1	2422									
184	2	8025	8			3	美人图册・秋忆	七秀娉婷画像	七秀娉婷画像	1	2421									
184	3	8025	8			3	美人图册・秋忆	唐门影翳画像	唐门影翳画像	1	2430									
184	4	8025	8			3	美人图册・秋忆	唐门羽蓝画像	唐门羽蓝画像	1	2432									
184	5	8025	8			3	美人图册・秋忆	唐门宸光画像	唐门宸光画像	1	2431									
