QuestID
0
360
366
369
370
376
384
384
391
396
397
398
399
400
402
403
490
656
659
660
671
672
674
679
685
687
694
734
735
736
737
811
846
1048
1052
1144
1147
1150
1208
1222
1226
1545
1567
1745
1753
1795
1806
1997
2015
2017
2030
2035
2075
2077
2084
2090
2101
2102
2118
2119
2120
2121
2126
2127
2128
2129
2133
2140
2144
2145
2146
2147
2149
2150
2152
2172
2174
2176
2178
2198
2199
2255
2264
2383
2460
2507
3082
3102
3162
3176
3462
3599
3599
4409
4418
4511
5169
5170
5172
5173
5176
5179
5181
5289
5356
5357
5358
