ID	Level	TypeID	SkillID	IconID	Name	Desc
0	0	0	0	0	测试	测试
1	1	0	55	0	Test	测试
3	1	0	0	0	测试	测试
4	1	0	0	0	测试	测试
10	1	2	356	1825	《坐忘经・返本归元》注解残页	施展招式的消耗降低20%。
11	1	2	356	1825	《坐忘经・返本归元》注解断篇	施展招式的消耗降低20%。
12	1	2	356	1825	《坐忘经・返本归元》注解绝章	施展招式的消耗降低20%。
13	1	9	356	1832	《坐忘经・返本归元》真传残页	招式的有效距离增加2尺。
14	1	9	356	1832	《坐忘经・返本归元》真传断篇	招式的有效距离增加2尺。
15	1	9	356	1832	《坐忘经・返本归元》真传绝章	招式的有效距离增加2尺。
16	1	8	356	1831	《坐忘经・返本归元》人偶图残页	能卸除额外一个阳性伤害状态。
17	1	8	356	1831	《坐忘经・返本归元》人偶图断篇	能卸除额外一个阳性伤害状态。
18	1	8	356	1831	《坐忘经・返本归元》人偶图绝章	招式立刻恢复一定气血值。
19	1	5	301	1828	《北冥剑气・两仪化形》秘诀残页	会心提高2%。
20	1	5	301	1828	《北冥剑气・两仪化形》秘诀断篇	会心提高3%。
21	1	5	301	1828	《北冥剑气・两仪化形》秘诀绝章	会心提高4%。
22	1	7	301	1830	《北冥剑气・两仪化形》详解残页	命中提高1%。
23	1	7	301	1830	《北冥剑气・两仪化形》详解断篇	命中提高2%。
24	1	6	301	1829	《北冥剑气・两仪化形》参悟残页	招式伤害提高3%。
25	1	6	301	1829	《北冥剑气・两仪化形》参悟断篇	招式伤害提高4%。
26	1	6	301	1829	《北冥剑气・两仪化形》参悟绝章	招式伤害提高5%。
27	1	8	301	1831	《北冥剑气・两仪化形》人偶图残页	命中目标则续气半格。
28	1	3	361	1826	《纯阳诀・凌太虚》经脉图残页	运功时间减少0.125秒。
29	1	3	361	1826	《纯阳诀・凌太虚》经脉图断篇	运功时间减少0.125秒。
30	1	3	361	1826	《纯阳诀・凌太虚》经脉图绝章	运功时间减少0.125秒。
31	1	2	361	1825	《纯阳诀・凌太虚》注解残页	施展招式的消耗降低20%。
32	1	2	361	1825	《纯阳诀・凌太虚》注解断篇	施展招式的消耗降低30%。
33	1	2	361	1825	《纯阳诀・凌太虚》注解绝章	施展招式的消耗降低40%。
34	1	9	361	1832	《纯阳诀・凌太虚》真传残页	招式的有效距离增加1尺。
35	1	9	361	1832	《纯阳诀・凌太虚》真传断篇	招式的有效距离增加1尺。
36	1	9	361	1832	《纯阳诀・凌太虚》真传绝章	招式的有效距离增加1尺。
37	1	1	355	1824	《坐忘经・凭虚御风》穴位图残页	调息时间减少5秒。
38	1	1	355	1824	《坐忘经・凭虚御风》穴位图断篇	调息时间减少10秒。
39	1	1	355	1824	《坐忘经・凭虚御风》穴位图绝章	调息时间减少15秒。
40	1	2	355	1825	《坐忘经・凭虚御风》注解残页	施展招式的消耗降低20%。
41	1	2	355	1825	《坐忘经・凭虚御风》注解断篇	施展招式的消耗降低30%。
42	1	2	355	1825	《坐忘经・凭虚御风》注解绝章	施展招式的消耗降低40%。
43	1	10	355	1833	《坐忘经・凭虚御风》手抄断篇	招式附加效果持续时间增加3秒。
44	1	8	355	1831	《坐忘经・凭虚御风》人偶图残页	招式附加跑速提高，持续5秒。
45	1	8	355	1831	《坐忘经・凭虚御风》人偶图断篇	能卸除额外一个混元性伤害状态。
46	1	3	359	1826	《纯阳诀・破苍穹》经脉图残页	运功时间减少0.125秒。
47	1	3	359	1826	《纯阳诀・破苍穹》经脉图断篇	运功时间减少0.125秒。
48	1	3	359	1826	《纯阳诀・破苍穹》经脉图绝章	运功时间减少0.125秒。
49	1	2	359	1825	《纯阳诀・破苍穹》注解残页	施展招式的消耗降低20%。
50	1	2	359	1825	《纯阳诀・破苍穹》注解断篇	施展招式的消耗降低30%。
51	1	2	359	1825	《纯阳诀・破苍穹》注解绝章	施展招式的消耗降低40%。
52	1	9	359	1832	《纯阳诀・破苍穹》真传残页	招式的有效距离增加1尺。
53	1	9	359	1832	《纯阳诀・破苍穹》真传断篇	招式的有效距离增加1尺。
54	1	9	359	1832	《纯阳诀・破苍穹》真传绝章	招式的有效距离增加1尺。
55	1	1	588	1824	《天道剑势・人剑合一》穴位图残页	调息时间减少2秒。
56	1	1	588	1824	《天道剑势・人剑合一》穴位图断篇	调息时间减少3秒。
57	1	9	588	1832	《天道剑势・人剑合一》真传残页	招式的有效距离增加1尺。
58	1	9	588	1832	《天道剑势・人剑合一》真传断篇	招式的有效距离增加1尺。
59	1	9	588	1832	《天道剑势・人剑合一》真传绝章	招式的有效距离增加1尺。
60	1	6	588	1829	《天道剑势・人剑合一》参悟残页	招式伤害提高40%。
61	1	6	588	1829	《天道剑势・人剑合一》参悟断篇	招式伤害提高60%。
62	1	8	588	1831	《天道剑势・人剑合一》人偶图残页	招式附加额外的持续伤害，持续12秒。
63	1	8	905	1831	《天道剑势・人剑合一》人偶图断篇	回复气血效果提高100%。
64	1	1	364	1824	《天道剑势・三环套月》穴位图残页	调息时间减少0.5秒。
65	1	5	364	1828	《天道剑势・三环套月》秘诀残页	会心提高2%。
66	1	5	364	1828	《天道剑势・三环套月》秘诀断篇	会心提高3%。
67	1	5	364	1828	《天道剑势・三环套月》秘诀绝章	会心提高4%。
68	1	7	364	1830	《天道剑势・三环套月》详解残页	命中提高1%。
69	1	7	364	1830	《天道剑势・三环套月》详解断篇	命中提高2%。
70	1	6	364	1829	《天道剑势・三环套月》参悟残页	招式伤害提高3%。
71	1	6	364	1829	《天道剑势・三环套月》参悟断篇	招式伤害提高4%。
72	1	6	364	1829	《天道剑势・三环套月》参悟绝章	招式伤害提高5%。
73	1	3	358	1826	《纯阳诀・生太极》经脉图残页	运功时间减少0.125秒。
74	1	3	358	1826	《纯阳诀・生太极》经脉图断篇	运功时间减少0.125秒。
75	1	3	358	1826	《纯阳诀・生太极》经脉图绝章	运功时间减少0.125秒。
76	1	2	358	1825	《纯阳诀・生太极》注解残页	施展招式的消耗降低20%。
77	1	2	358	1825	《纯阳诀・生太极》注解断篇	施展招式的消耗降低30%。
78	1	2	358	1825	《纯阳诀・生太极》注解绝章	施展招式的消耗降低40%。
79	1	9	358	1832	《纯阳诀・生太极》真传残页	招式的有效距离增加1尺。
80	1	9	358	1832	《纯阳诀・生太极》真传断篇	招式的有效距离增加1尺。
81	1	9	358	1832	《纯阳诀・生太极》真传绝章	招式的有效距离增加1尺。
82	1	3	367	1826	《北冥剑气・四象轮回》经脉图残页	运功时间减少0.25秒。
83	1	3	367	1826	《北冥剑气・四象轮回》经脉图断篇	运功时间减少0.25秒。
84	1	5	367	1828	《北冥剑气・四象轮回》秘诀残页	会心提高2%。
85	1	5	367	1828	《北冥剑气・四象轮回》秘诀断篇	会心提高3%。
86	1	5	367	1828	《北冥剑气・四象轮回》秘诀绝章	会心提高4%。
87	1	9	367	1832	《北冥剑气・四象轮回》真传残页	招式的有效距离增加1尺。
88	1	9	367	1832	《北冥剑气・四象轮回》真传断篇	招式的有效距离增加1尺。
89	1	9	367	1832	《北冥剑气・四象轮回》真传绝章	招式的有效距离增加1尺。
90	1	8	367	1831	《北冥剑气・四象轮回》人偶图残页	招式的减速效果提高10%。
91	1	2	306	1825	《北冥剑气・太极无极》注解残页	施展招式的消耗降低30%。
92	1	5	306	1828	《北冥剑气・太极无极》秘诀残页	会心提高2%。
93	1	5	306	1828	《北冥剑气・太极无极》秘诀断篇	会心提高3%。
94	1	5	306	1828	《北冥剑气・太极无极》秘诀绝章	会心提高4%。
95	1	7	306	1830	《北冥剑气・太极无极》详解残页	命中提高1%。
96	1	7	306	1830	《北冥剑气・太极无极》详解断篇	命中提高2%。
97	1	6	306	1829	《北冥剑气・太极无极》参悟残页	招式伤害提高15%。
98	1	6	306	1829	《北冥剑气・太极无极》参悟断篇	招式伤害提高15%。
99	1	6	306	1829	《北冥剑气・太极无极》参悟绝章	招式伤害提高20%。
100	1	5	365	1828	《天道剑势・无我无剑》秘诀残页	会心提高2%。
101	1	5	365	1828	《天道剑势・无我无剑》秘诀断篇	会心提高3%。
102	1	5	365	1828	《天道剑势・无我无剑》秘诀绝章	会心提高4%。
103	1	7	365	1830	《天道剑势・无我无剑》详解残页	命中提高1%。
104	1	7	365	1830	《天道剑势・无我无剑》详解断篇	命中提高2%。
105	1	6	365	1829	《天道剑势・无我无剑》参悟残页	招式伤害提高3%。
106	1	6	365	1829	《天道剑势・无我无剑》参悟断篇	招式伤害提高4%。
107	1	6	365	1829	《天道剑势・无我无剑》参悟绝章	招式伤害提高5%。
108	1	8	365	1831	《天道剑势・无我无剑》人偶图残页	命中目标则续气半格。
109	1	1	312	1824	《坐忘经・坐忘无我》穴位图残页	调息时间减少2秒。
110	1	1	312	1824	《坐忘经・坐忘无我》穴位图断篇	调息时间减少4秒。
111	1	2	312	1825	《坐忘经・坐忘无我》注解残页	施展招式的消耗降低20%。
112	1	2	312	1825	《坐忘经・坐忘无我》注解断篇	施展招式的消耗降低25%。
113	1	2	312	1825	《坐忘经・坐忘无我》注解绝章	施展招式的消耗降低30%。
114	1	1	312	1824	《坐忘经・坐忘无我》穴位图绝章	调息时间减少6秒。
115	1	8	312	1831	《坐忘经・坐忘无我》人偶图残页	化解伤害提高50点。
116	1	8	312	1831	《坐忘经・坐忘无我》人偶图断篇	招式立刻恢复一定内力值。
117	1	8	312	1831	《坐忘经・坐忘无我》人偶图绝章	招式立刻恢复一定气血值。
118	1	1	49	1879	《扫叶腿法・回风扫叶》穴位图残页	调息时间减少0.5秒。
119	1	1	49	1879	《扫叶腿法・回风扫叶》穴位图断篇	调息时间减少0.7秒。
120	1	1	49	1879	《扫叶腿法・回风扫叶》穴位图绝章	调息时间减少0.8秒。
121	1	2	49	1880	《扫叶腿法・回风扫叶》注解残页	施展招式的消耗降低40%。
122	1	2	49	1880	《扫叶腿法・回风扫叶》注解断篇	施展招式的消耗降低50%。
123	1	6	49	1884	《扫叶腿法・回风扫叶》参悟残页	招式伤害提高100%。
124	1	6	49	1884	《扫叶腿法・回风扫叶》参悟断篇	招式伤害提高100%。
125	1	1	58	1879	《混元气・猛虎下山》穴位图残页	调息时间减少5秒。
126	1	1	58	1879	《混元气・猛虎下山》穴位图断篇	调息时间减少10秒。
127	1	2	58	1880	《混元气・猛虎下山》注解残页	施展招式的消耗降低10%。
128	1	8	58	1886	《混元气・猛虎下山》人偶图残页	招式附加气血恢复，持续9秒。
129	1	8	58	1886	《混元气・猛虎下山》人偶图断篇	招式附加气血恢复，持续9秒。
130	1	8	58	1886	《混元气・猛虎下山》人偶图绝章	招式附加气血恢复，持续9秒。
131	1	1	564	1835	《猿公剑法・剑灵寰宇》穴位图残页	调息时间减少2秒。
132	1	1	564	1835	《猿公剑法・剑灵寰宇》穴位图断篇	调息时间减少3秒。
133	1	2	564	1836	《猿公剑法・剑灵寰宇》注解残页	施展招式的消耗降低20%。
134	1	2	564	1836	《猿公剑法・剑灵寰宇》注解断篇	施展招式的消耗降低20%。
135	1	9	564	1843	《猿公剑法・剑灵寰宇》真传残页	招式的有效距离增加2尺。
136	1	6	564	1840	《猿公剑法・剑灵寰宇》参悟残页	招式伤害提高15%。
137	1	6	564	1840	《猿公剑法・剑灵寰宇》参悟断篇	招式伤害提高15%。
138	1	6	564	1840	《猿公剑法・剑灵寰宇》参悟绝章	招式伤害提高20%。
139	1	1	561	1835	《猿公剑法・剑气长江》穴位图残页	调息时间减少1秒。
140	1	1	561	1835	《猿公剑法・剑气长江》穴位图断篇	调息时间减少1秒。
141	1	2	561	1836	《猿公剑法・剑气长江》注解残页	施展招式的消耗降低10%。
142	1	2	561	1836	《猿公剑法・剑气长江》注解断篇	施展招式的消耗降低10%。
143	1	5	561	1839	《猿公剑法・剑气长江》秘诀残页	会心提高2%。
144	1	5	561	1839	《猿公剑法・剑气长江》秘诀断篇	会心提高3%。
145	1	6	561	1840	《猿公剑法・剑气长江》参悟残页	招式伤害提高4%。
146	1	6	561	1840	《猿公剑法・剑气长江》参悟断篇	招式伤害提高6%。
147	1	2	562	1836	《猿公剑法・剑主天地》注解残页	施展招式的消耗降低10%。
148	1	2	562	1836	《猿公剑法・剑主天地》注解断篇	施展招式的消耗降低10%。
149	1	9	562	1843	《猿公剑法・剑主天地》真传残页	招式的有效距离增加1尺。
150	1	9	562	1843	《猿公剑法・剑主天地》真传断篇	招式的有效距离增加1尺。
151	1	6	562	1840	《猿公剑法・剑主天地》参悟残页	招式伤害提高3%。
152	1	6	562	1840	《猿公剑法・剑主天地》参悟断篇	招式伤害提高4%。
153	1	8	562	1842	《猿公剑法・剑主天地》人偶图残页	招式减速效果提高10%。
154	1	2	553	1836	《西河剑器・江海凝光》注解残页	施展招式的消耗降低10%。
155	1	5	553	1839	《西河剑器・江海凝光》秘诀残页	会心提高2%。
156	1	5	553	1839	《西河剑器・江海凝光》秘诀断篇	会心提高3%。
157	1	9	553	1843	《西河剑器・江海凝光》真传残页	招式的有效距离增加2尺。
158	1	9	553	1843	《西河剑器・江海凝光》真传断篇	招式的有效距离增加2尺。
159	1	9	553	1843	《西河剑器・江海凝光》真传绝章	招式的有效距离增加2尺。
160	1	6	553	1840	《西河剑器・江海凝光》参悟残页	招式伤害提高15%。
161	1	6	553	1840	《西河剑器・江海凝光》参悟断篇	招式伤害提高15%。
162	1	1	552	1835	《剑器浑脱・邻里曲》穴位图残页	调息时间减少100秒。
163	1	1	552	1835	《剑器浑脱・邻里曲》穴位图断篇	调息时间减少100秒。
164	1	1	552	1835	《剑器浑脱・邻里曲》穴位图绝章	调息时间减少100秒。
165	1	2	552	1836	《剑器浑脱・邻里曲》注解残页	施展招式的消耗降低20%。
166	1	2	552	1836	《剑器浑脱・邻里曲》注解断篇	施展招式的消耗降低30%。
167	1	8	552	1842	《剑器浑脱・邻里曲》人偶图残页	使“天地低昂”重置。
168	1	8	552	1842	《剑器浑脱・邻里曲》人偶图断篇	使“鹊踏枝”重置。
169	1	1	573	1835	《剑器浑脱・满堂势》穴位图残页	调息时间减少15秒。
170	1	1	573	1835	《剑器浑脱・满堂势》穴位图断篇	调息时间减少20秒。
171	1	1	573	1835	《剑器浑脱・满堂势》穴位图绝章	调息时间减少25秒。
172	1	2	573	1836	《剑器浑脱・满堂势》注解残页	施展招式的消耗降低20%。
173	1	2	573	1836	《剑器浑脱・满堂势》注解断篇	施展招式的消耗降低30%。
174	1	8	573	1842	《剑器浑脱・满堂势》人偶图残页	招式附加闪避值提高10%，持续5秒。
175	1	8	573	1842	《剑器浑脱・满堂势》人偶图断篇	招式附加额外内功防御提高30点，持续5秒。
176	1	2	556	1836	《霓裳羽衣・上元点鬟》注解残页	施展招式的消耗降低5%。
177	1	2	556	1836	《霓裳羽衣・上元点鬟》注解断篇	施展招式的消耗降低10%。
178	1	2	556	1836	《霓裳羽衣・上元点鬟》注解绝章	施展招式的消耗降低10%。
179	1	9	556	1843	《霓裳羽衣・上元点鬟》真传残页	招式的有效距离增加2尺。
180	1	9	556	1843	《霓裳羽衣・上元点鬟》真传断篇	招式的有效距离增加2尺。
181	1	9	556	1843	《霓裳羽衣・上元点鬟》真传绝章	招式的有效距离增加2尺。
182	1	8	556	1842	《霓裳羽衣・上元点鬟》人偶图断篇	疗伤成效提高7%。
183	1	1	557	1835	《西河剑器・天地低昂》穴位图残页	调息时间减少15秒。
184	1	1	557	1835	《西河剑器・天地低昂》穴位图断篇	调息时间减少15秒。
185	1	2	557	1836	《西河剑器・天地低昂》注解残页	施展招式的消耗降低20%。
186	1	2	557	1836	《西河剑器・天地低昂》注解断篇	施展招式的消耗降低30%。
187	1	10	557	1844	《西河剑器・天地低昂》手抄残页	招式附加效果持续时间增加3秒。
188	1	8	557	1842	《西河剑器・天地低昂》人偶图断篇	招式附加内力恢复，持续12秒。
189	1	8	557	1842	《西河剑器・天地低昂》人偶图残页	招式附加气血恢复，持续9秒。
190	1	2	554	1836	《霓裳羽衣・翔鸾舞柳》注解残页	施展招式的消耗降低5%。
191	1	2	554	1836	《霓裳羽衣・翔鸾舞柳》注解断篇	施展招式的消耗降低10%。
192	1	9	554	1843	《霓裳羽衣・翔鸾舞柳》真传残页	招式的有效距离增加2尺。
193	1	9	554	1843	《霓裳羽衣・翔鸾舞柳》真传断篇	招式的有效距离增加2尺。
194	1	9	554	1843	《霓裳羽衣・翔鸾舞柳》真传绝章	招式的有效距离增加2尺。
195	1	8	554	1842	《霓裳羽衣・翔鸾舞柳》人偶图残页	疗伤成效提高3%。
196	1	8	554	1842	《霓裳羽衣・翔鸾舞柳》人偶图断篇	疗伤成效提高5%。
197	1	1	551	1835	《剑器浑脱・心鼓弦》穴位图残页	调息时间减少120秒。
198	1	1	551	1835	《剑器浑脱・心鼓弦》穴位图断篇	调息时间减少180秒。
199	1	1	551	1835	《剑器浑脱・心鼓弦》穴位图绝章	调息时间减少240秒。
200	1	3	551	1837	《剑器浑脱・心鼓弦》经脉图残页	运功时间减少0.25秒。
201	1	3	551	1837	《剑器浑脱・心鼓弦》经脉图断篇	运功时间减少0.25秒。
202	1	3	551	1837	《剑器浑脱・心鼓弦》经脉图绝章	运功时间减少0.25秒。
203	1	9	551	1843	《剑器浑脱・心鼓弦》真传残页	招式的有效距离增加4尺。
204	1	1	570	1835	《西河剑器・月华倾泻》穴位图残页	调息时间减少5秒。
205	1	1	570	1835	《西河剑器・月华倾泻》穴位图断篇	调息时间减少10秒。
206	1	1	570	1835	《西河剑器・月华倾泻》穴位图绝章	调息时间减少15秒。
207	1	2	570	1836	《西河剑器・月华倾泻》注解残页	施展招式的消耗降低10%。
208	1	2	570	1836	《西河剑器・月华倾泻》注解断篇	施展招式的消耗降低20%。
209	1	9	570	1843	《西河剑器・月华倾泻》真传残页	招式的有效距离增加4尺。
210	1	8	570	1842	《西河剑器・月华倾泻》人偶图残页	招式附加气血恢复，持续9秒。
211	1	2	567	1836	《霓裳羽衣・左旋右转》注解残页	施展招式的消耗降低10%。
212	1	2	567	1836	《霓裳羽衣・左旋右转》注解断篇	施展招式的消耗降低15%。
213	1	12	567	1843	《霓裳羽衣・左旋右转》真传残页	招式的有效范围增加1尺。
214	1	12	567	1843	《霓裳羽衣・左旋右转》真传断篇	招式的有效范围增加1尺。
215	1	12	567	1843	《霓裳羽衣・左旋右转》真传绝章	招式的有效范围增加1尺。
216	1	8	567	1842	《霓裳羽衣・左旋右转》人偶图残页	疗伤成效提高3%。
217	1	8	567	1842	《霓裳羽衣・左旋右转》人偶图断篇	疗伤成效提高5%。
218	1	2	239	1847	《龙爪功・抱残式》注解残页	施展招式的消耗降低10%。
219	1	2	239	1847	《龙爪功・抱残式》注解断篇	施展招式的消耗降低15%。
220	1	2	239	1847	《龙爪功・抱残式》注解绝章	施展招式的消耗降低20%。
221	1	10	239	1855	《龙爪功・抱残式》手抄残页	招式附加效果持续时间增加2秒。
222	1	1	239	1846	《龙爪功・抱残式》穴位图残页	调息时间减少1秒。
223	1	9	239	1854	《龙爪功・抱残式》真传残页	招式的有效距离增加1尺。
224	1	9	239	1854	《龙爪功・抱残式》真传断篇	招式的有效距离增加1尺。
225	1	9	239	1854	《龙爪功・抱残式》真传绝章	招式的有效距离增加1尺。
226	1	8	239	1853	《龙爪功・抱残式》人偶图断篇	招式效果提高10%。
227	1	1	238	1846	《龙爪功・捕风式》穴位图残页	调息时间减少0.5秒。
228	1	1	238	1846	《龙爪功・捕风式》穴位图断篇	调息时间减少0.5秒。
229	1	9	238	1854	《龙爪功・捕风式》真传残页	招式的有效距离增加2尺。
230	1	9	238	1854	《龙爪功・捕风式》真传断篇	招式的有效距离增加2尺。
231	1	7	238	1852	《龙爪功・捕风式》详解残页	命中提高1%。
232	1	7	238	1852	《龙爪功・捕风式》详解断篇	命中提高2%。
233	1	6	238	1851	《龙爪功・捕风式》参悟残页	招式伤害提高10%。
234	1	6	238	1851	《龙爪功・捕风式》参悟断篇	招式伤害提高10%。
235	1	6	238	1851	《龙爪功・捕风式》参悟绝章	招式伤害提高15%。
236	1	1	252	1846	《袈裟伏魔功・大狮子吼》穴位图残页	调息时间减少5秒。
237	1	1	252	1846	《袈裟伏魔功・大狮子吼》穴位图断篇	调息时间减少10秒。
238	1	1	252	1846	《袈裟伏魔功・大狮子吼》穴位图绝章	调息时间减少10秒。
239	1	2	252	1847	《袈裟伏魔功・大狮子吼》注解残页	施展招式的消耗降低20%。
240	1	2	252	1847	《袈裟伏魔功・大狮子吼》注解断篇	施展招式的消耗降低30%。
241	1	9	252	1854	《袈裟伏魔功・大狮子吼》真传残页	招式的有效距离增加1尺。
242	1	9	252	1854	《袈裟伏魔功・大狮子吼》真传断篇	招式的有效距离增加1尺。
243	1	9	252	1854	《袈裟伏魔功・大狮子吼》真传绝章	招式的有效距离增加1尺。
244	1	8	252	1853	《袈裟伏魔功・大狮子吼》人偶图残页	命中目标则增加三点禅那。
245	1	1	257	1846	《达摩武诀・锻骨诀》穴位图残页	调息时间减少5秒。
246	1	1	257	1846	《达摩武诀・锻骨诀》穴位图断篇	调息时间减少5秒。
247	1	1	257	1846	《达摩武诀・锻骨诀》穴位图绝章	调息时间减少5秒。
248	1	2	257	1847	《达摩武诀・锻骨诀》注解残页	施展招式的消耗降低20%。
249	1	2	257	1847	《达摩武诀・锻骨诀》注解断篇	施展招式的消耗降低20%。
250	1	2	257	1847	《达摩武诀・锻骨诀》注解绝章	施展招式的消耗降低20%。
251	1	8	257	1853	《达摩武诀・锻骨诀》人偶图残页	不受内功伤害影响，持续4秒。
252	1	8	257	1853	《达摩武诀・锻骨诀》人偶图断篇	招式附加移动速度提高，持续5秒。
253	1	8	257	1853	《达摩武诀・锻骨诀》人偶图绝章	招式附加气血恢复，持续9秒。
254	1	2	235	1847	《罗汉棍法・横扫六合》注解残页	施展招式的消耗降低10%。
255	1	2	235	1847	《罗汉棍法・横扫六合》注解断篇	施展招式的消耗降低15%。
256	1	2	235	1847	《罗汉棍法・横扫六合》注解绝章	施展招式的消耗降低20%。
257	1	10	235	1855	《罗汉棍法・横扫六合》手抄残页	招式附加效果持续时间增加6秒。
258	1	11	235	1856	《罗汉棍法・横扫六合》气血图残页	招式的有效目标人数增加1个。
259	1	6	235	1851	《罗汉棍法・横扫六合》参悟残页	招式直接伤害提高50%。
260	1	4	235	1849	《罗汉棍法・横扫六合》注释残页	威胁提高10%。
261	1	4	235	1849	《罗汉棍法・横扫六合》注释断篇	威胁提高15%。
262	1	4	235	1849	《罗汉棍法・横扫六合》注释绝章	威胁提高20%。
263	1	1	232	1846	《罗汉棍法・普渡四方》穴位图残页	调息时间减少0.5秒。
264	1	1	232	1846	《罗汉棍法・普渡四方》穴位图断篇	调息时间减少0.5秒。
265	1	7	232	1852	《罗汉棍法・普渡四方》详解残页	命中提高1%。
266	1	7	232	1852	《罗汉棍法・普渡四方》详解断篇	命中提高2%。
267	1	7	232	1852	《罗汉棍法・普渡四方》详解绝章	命中提高2%。
268	1	6	232	1851	《罗汉棍法・普渡四方》参悟残页	招式伤害提高3%。
269	1	6	232	1851	《罗汉棍法・普渡四方》参悟断篇	招式伤害提高4%。
270	1	6	232	1851	《罗汉棍法・普渡四方》参悟绝章	招式伤害提高5%。
271	1	8	232	1853	《罗汉棍法・普渡四方》人偶图残页	招式附加每层阳性内功招式伤害提高2%，持续15秒，最多叠加5层。
272	1	2	254	1847	《达摩武诀・清音诀》注解残页	施展招式的消耗降低10%。
273	1	2	254	1847	《达摩武诀・清音诀》注解断篇	施展招式的消耗降低15%。
274	1	2	254	1847	《达摩武诀・清音诀》注解绝章	施展招式的消耗降低20%。
275	1	9	254	1854	《达摩武诀・清音诀》真传残页	招式的有效距离增加2尺。
276	1	9	254	1854	《达摩武诀・清音诀》真传断篇	招式的有效距离增加2尺。
277	1	9	254	1854	《达摩武诀・清音诀》真传绝章	招式的有效距离增加2尺。
278	1	8	254	1853	《达摩武诀・清音诀》人偶图残页	能卸除额外一个阴性伤害状态。
279	1	8	254	1853	《达摩武诀・清音诀》人偶图断篇	能卸除额外一个阴性伤害状态。
280	1	8	254	1853	《达摩武诀・清音诀》人偶图绝章	招式附加气血恢复，持续9秒。
281	1	1	241	1846	《龙爪功・守缺式》穴位图残页	调息时间减少0.5秒。
282	1	1	241	1846	《龙爪功・守缺式》穴位图断篇	调息时间减少1秒。
283	1	2	241	1847	《龙爪功・守缺式》注解残页	施展招式的消耗降低10%。
284	1	2	241	1847	《龙爪功・守缺式》注解断篇	施展招式的消耗降低15%。
285	1	5	241	1850	《龙爪功・守缺式》秘诀残页	会心提高2%。
286	1	5	241	1850	《龙爪功・守缺式》秘诀断篇	会心提高3%。
287	1	6	241	1851	《龙爪功・守缺式》参悟残页	招式伤害提高3%。
288	1	6	241	1851	《龙爪功・守缺式》参悟断篇	招式伤害提高4%。
289	1	6	241	1851	《龙爪功・守缺式》参悟绝章	招式伤害提高5%。
290	1	5	233	1850	《罗汉棍法・韦陀献杵》秘诀残页	会心提高2%。
291	1	5	233	1850	《罗汉棍法・韦陀献杵》秘诀断篇	会心提高3%。
292	1	5	233	1850	《罗汉棍法・韦陀献杵》秘诀绝章	会心提高4%。
293	1	7	233	1852	《罗汉棍法・韦陀献杵》详解残页	命中提高1%。
294	1	7	233	1852	《罗汉棍法・韦陀献杵》详解断篇	命中提高2%。
295	1	6	233	1851	《罗汉棍法・韦陀献杵》参悟残页	招式伤害提高3%。
296	1	6	233	1851	《罗汉棍法・韦陀献杵》参悟断篇	招式伤害提高4%。
297	1	6	233	1851	《罗汉棍法・韦陀献杵》参悟绝章	招式伤害提高5%。
298	1	8	233	1853	《罗汉棍法・韦陀献杵》人偶图残页	命中目标则增加一点禅那。
299	1	1	261	1846	《达摩武诀・无相诀》穴位图残页	调息时间减少10秒。
300	1	1	261	1846	《达摩武诀・无相诀》穴位图断篇	调息时间减少10秒。
301	1	1	261	1846	《达摩武诀・无相诀》穴位图绝章	调息时间减少10秒。
302	1	2	261	1847	《达摩武诀・无相诀》注解残页	施展招式的消耗降低20%。
303	1	2	261	1847	《达摩武诀・无相诀》注解断篇	施展招式的消耗降低25%。
304	1	2	261	1847	《达摩武诀・无相诀》注解绝章	施展招式的消耗降低30%。
305	1	8	261	1853	《达摩武诀・无相诀》人偶图残页	招式附带自身内外功防御等级提高10%。
306	1	8	261	1853	《达摩武诀・无相诀》人偶图断篇	招式立刻恢复一定气血值。
307	1	8	261	1853	《达摩武诀・无相诀》人偶图绝章	招式立刻恢复一定内力值。
308	1	1	249	1846	《袈裟伏魔功・五蕴皆空》穴位图残页	调息时间减少2秒。
309	1	1	249	1846	《袈裟伏魔功・五蕴皆空》穴位图断篇	调息时间减少2秒。
310	1	1	249	1846	《袈裟伏魔功・五蕴皆空》穴位图绝章	调息时间减少2秒。
311	1	2	249	1847	《袈裟伏魔功・五蕴皆空》注解残页	施展招式的消耗降低15%。
312	1	2	249	1847	《袈裟伏魔功・五蕴皆空》注解断篇	施展招式的消耗降低20%。
313	1	9	249	1854	《袈裟伏魔功・五蕴皆空》真传残页	招式的有效距离增加1尺。
314	1	9	249	1854	《袈裟伏魔功・五蕴皆空》真传断篇	招式的有效距离增加1尺。
315	1	9	249	1854	《袈裟伏魔功・五蕴皆空》真传绝章	招式的有效距离增加1尺。
316	1	8	249	1853	《袈裟伏魔功・五蕴皆空》人偶图残页	命中目标则增加一点禅那。
317	1	1	248	1846	《袈裟伏魔功・袖纳乾坤》穴位图残页	调息时间减少5秒。
318	1	1	248	1846	《袈裟伏魔功・袖纳乾坤》穴位图断篇	调息时间减少10秒。
319	1	2	248	1847	《袈裟伏魔功・袖纳乾坤》注解残页	施展招式的消耗降低10%。
320	1	2	248	1847	《袈裟伏魔功・袖纳乾坤》注解断篇	施展招式的消耗降低15%。
321	1	2	248	1847	《袈裟伏魔功・袖纳乾坤》注解绝章	施展招式的消耗降低20%。
322	1	8	248	1853	《袈裟伏魔功・袖纳乾坤》人偶图残页	招式附加效果外功防御提高3%。
323	1	8	248	1853	《袈裟伏魔功・袖纳乾坤》人偶图断篇	招式附加效果外功防御提高3%。
324	1	4	248	1849	《袈裟伏魔功・袖纳乾坤》注释残页	招式附加30%额外的威胁。
325	1	4	248	1849	《袈裟伏魔功・袖纳乾坤》注释断篇	招式附加30%额外的威胁。
326	1	1	441	1857	《奔雷枪术・穿》穴位图残页	调息时间减少0.5秒。
327	1	1	441	1857	《奔雷枪术・穿》穴位图断篇	调息时间减少0.5秒。
328	1	9	441	1865	《奔雷枪术・穿》木刻残页	招式的有效范围增加1尺。
329	1	9	441	1865	《奔雷枪术・穿》木刻断篇	招式的有效范围增加1尺。
330	1	9	441	1865	《奔雷枪术・穿》真传残页	招式的有效距离增加1尺。
331	1	11	441	1867	《奔雷枪术・穿》气血图残页	招式的扇形有效目标人数增加1个。
332	1	11	441	1867	《奔雷枪术・穿》气血图断篇	招式的扇形有效目标人数增加1个。
333	1	1	400	1857	《羽林枪法・穿云》穴位图残页	调息时间减少0.5秒。
334	1	5	400	1861	《羽林枪法・穿云》秘诀残页	会心提高2%。
335	1	5	400	1861	《羽林枪法・穿云》秘诀断篇	会心提高3%。
336	1	7	400	1863	《羽林枪法・穿云》详解残页	命中提高1%。
337	1	7	400	1863	《羽林枪法・穿云》详解断篇	命中提高2%。
338	1	6	400	1862	《羽林枪法・穿云》参悟残页	招式伤害提高3%。
339	1	6	400	1862	《羽林枪法・穿云》参悟断篇	招式伤害提高4%。
340	1	1	428	1857	《游龙骑法・断魂刺》穴位图残页	调息时间减少1秒。
341	1	1	428	1857	《游龙骑法・断魂刺》穴位图断篇	调息时间减少1秒。
342	1	2	428	1858	《游龙骑法・断魂刺》注解残页	施展招式的消耗降低15%。
343	1	2	428	1858	《游龙骑法・断魂刺》注解断篇	施展招式的消耗降低20%。
344	1	9	428	1865	《游龙骑法・断魂刺》真传残页	招式的有效距离增加2尺。
345	1	6	428	1862	《游龙骑法・断魂刺》参悟残页	招式伤害提高3%。
346	1	6	428	1862	《游龙骑法・断魂刺》参悟断篇	招式伤害提高4%。
347	1	1	412	1857	《虎牙令・疾如风》穴位图残页	调息时间减少10秒。
348	1	1	412	1857	《虎牙令・疾如风》穴位图断篇	调息时间减少10秒。
349	1	1	412	1857	《虎牙令・疾如风》穴位图绝章	调息时间减少10秒。
350	1	2	412	1858	《虎牙令・疾如风》注解残页	施展招式的消耗降低20%。
351	1	2	412	1858	《虎牙令・疾如风》注解断篇	施展招式的消耗降低30%。
352	1	8	412	1864	《虎牙令・疾如风》人偶图绝章	招式附加移动速度提高，持续5秒。
353	1	8	412	1864	《虎牙令・疾如风》人偶图残页	招式附加会心提高10%，持续5秒。
354	1	8	412	1864	《虎牙令・疾如风》人偶图断篇	在疾如风下攻击会心后有50%几率获得虎啸。
355	1	5	415	1861	《羽林枪法・龙牙》秘诀绝章	会心提高4%。
356	1	6	415	1862	《羽林枪法・龙牙》参悟绝章	招式伤害提高5%。
357	1	5	415	1861	《羽林枪法・龙牙》秘诀残页	会心提高2%。
358	1	5	415	1861	《羽林枪法・龙牙》秘诀断篇	会心提高3%。
359	1	7	415	1863	《羽林枪法・龙牙》详解残页	命中提高1%。
360	1	7	415	1863	《羽林枪法・龙牙》详解断篇	命中提高2%。
361	1	6	415	1862	《羽林枪法・龙牙》参悟残页	招式伤害提高3%。
362	1	6	415	1862	《羽林枪法・龙牙》参悟断篇	招式伤害提高4%。
363	1	1	423	1857	《奔雷枪术・灭》穴位图残页	调息时间减少1秒。
364	1	2	423	1858	《奔雷枪术・灭》注解残页	施展招式的消耗降低5%。
365	1	2	423	1858	《奔雷枪术・灭》注解断篇	施展招式的消耗降低5%。
366	1	2	423	1858	《奔雷枪术・灭》注解绝章	施展招式的消耗降低5%。
367	1	5	423	1861	《奔雷枪术・灭》秘诀残页	会心提高2%。
368	1	5	423	1861	《奔雷枪术・灭》秘诀断篇	会心提高3%。
369	1	6	423	1862	《奔雷枪术・灭》参悟残页	招式伤害提高3%。
370	1	6	423	1862	《奔雷枪术・灭》参悟断篇	招式伤害提高4%。
371	1	1	401	1857	《羽林枪法・破风》穴位图残页	调息时间减少0.5秒。
372	1	1	401	1857	《羽林枪法・破风》穴位图断篇	调息时间减少1秒。
373	1	2	401	1858	《羽林枪法・破风》注解残页	施展招式的消耗降低10%。
374	1	2	401	1858	《羽林枪法・破风》注解断篇	施展招式的消耗降低20%。
375	1	10	401	1866	《羽林枪法・破风》手抄残页	招式破防效果持续时间增加4秒。
376	1	4	401	1860	《羽林枪法・破风》注释残页	威胁提高10%。
377	1	4	401	1860	《羽林枪法・破风》注释断篇	威胁提高15%。
378	1	1	426	1857	《游龙骑法・破坚阵》穴位图残页	调息时间减少1秒。
379	1	1	426	1857	《游龙骑法・破坚阵》穴位图断篇	调息时间减少1秒。
380	1	1	426	1857	《游龙骑法・破坚阵》穴位图绝章	调息时间减少1秒。
381	1	2	426	1858	《游龙骑法・破坚阵》注解残页	施展招式的消耗降低100%。
382	1	8	426	1864	《游龙骑法・破坚阵》人偶图残页	招式附加绕足效果，持续10秒。
383	1	8	426	1864	《游龙骑法・破坚阵》人偶图断篇	招式附加绕足效果，持续10秒。
384	1	8	426	1864	《游龙骑法・破坚阵》人偶图绝章	招式附加绕足效果，持续10秒。
385	1	1	413	1857	《虎牙令・守如山》穴位图残页	调息时间减少60秒。
386	1	1	413	1857	《虎牙令・守如山》穴位图断篇	调息时间减少60秒。
387	1	1	413	1857	《虎牙令・守如山》穴位图绝章	调息时间减少60秒。
388	1	2	413	1858	《虎牙令・守如山》注解残页	施展招式的消耗降低100%。
389	1	10	413	1866	《虎牙令・守如山》手抄残页	招式效果持续时间增加3秒。
390	1	8	413	1864	《虎牙令・守如山》人偶图残页	招式附加气血恢复，持续15秒，最多叠加3层。
391	1	8	413	1864	《虎牙令・守如山》人偶图断篇	招式附加气血恢复，持续15秒，最多叠加3层。
392	1	8	413	1864	《虎牙令・守如山》人偶图绝章	招式附加气血恢复，持续15秒，最多叠加3层。
393	1	1	418	1857	《奔雷枪术・突》穴位图残页	调息时间减少1秒。
394	1	1	418	1857	《奔雷枪术・突》穴位图断篇	调息时间减少1秒。
395	1	2	418	1858	《奔雷枪术・突》注解残页	施展招式的消耗降低15%。
396	1	2	418	1858	《奔雷枪术・突》注解断篇	施展招式的消耗降低20%。
397	1	9	418	1865	《奔雷枪术・突》真传残页	招式的有效距离增加2尺。
398	1	6	418	1862	《奔雷枪术・突》参悟残页	招式伤害提高3%。
399	1	6	418	1862	《奔雷枪术・突》参悟断篇	招式伤害提高4%。
400	1	1	422	1857	《虎牙令・啸如虎》穴位图残页	调息时间减少10秒。
401	1	1	422	1857	《虎牙令・啸如虎》穴位图断篇	调息时间减少10秒。
402	1	1	422	1857	《虎牙令・啸如虎》穴位图绝章	调息时间减少10秒。
403	1	10	422	1866	《虎牙令・啸如虎》手抄残页	招式效果持续时间增加2秒。
404	1	8	422	1864	《虎牙令・啸如虎》人偶图残页	招式附加外功防御提高10%，持续10秒，最多叠加3层。
405	1	8	422	1864	《虎牙令・啸如虎》人偶图断篇	招式附加外功防御提高10%，持续10秒，最多叠加3层。
406	1	8	422	1864	《虎牙令・啸如虎》人偶图绝章	招式附加外功防御提高10%，持续10秒，最多叠加3层。
407	1	2	427	1858	《游龙骑法・战八方》注解残页	施展招式的消耗降低5%。
408	1	2	427	1858	《游龙骑法・战八方》注解断篇	施展招式的消耗降低10%。
409	1	2	427	1858	《游龙骑法・战八方》注解绝章	施展招式的消耗降低15%。
410	1	9	427	1865	《游龙骑法・战八方》真传残页	招式的有效距离增加2尺。
411	1	11	427	1867	《游龙骑法・战八方》气血图残页	招式的有效目标人数增加1个。
412	1	6	427	1862	《游龙骑法・战八方》参悟残页	招式伤害提高5%。
413	1	6	427	1862	《游龙骑法・战八方》参悟断篇	招式伤害提高5%。
414	1	3	142	1870	《太素九针・长针》经脉图残页	运功时间减少0.25秒。
415	1	3	142	1870	《太素九针・长针》经脉图断篇	运功时间减少0.25秒。
416	1	2	142	1869	《太素九针・长针》注解残页	施展招式的消耗降低5%。
417	1	2	142	1869	《太素九针・长针》注解断篇	施展招式的消耗降低10%。
418	1	9	142	1876	《太素九针・长针》真传残页	招式的有效距离增加4尺。
419	1	8	142	1875	《太素九针・长针》人偶图残页	疗伤成效提高4%。
420	1	8	142	1875	《太素九针・长针》人偶图断篇	疗伤成效提高5%。
421	1	1	132	1868	《养心诀・春泥护花》穴位图残页	调息时间减少3秒。
422	1	1	132	1868	《养心诀・春泥护花》穴位图断篇	调息时间减少3秒。
423	1	1	132	1868	《养心诀・春泥护花》穴位图绝章	调息时间减少3秒。
424	1	2	132	1869	《养心诀・春泥护花》注解残页	施展招式的消耗降低10%。
425	1	2	132	1869	《养心诀・春泥护花》注解断篇	施展招式的消耗降低15%。
426	1	8	132	1875	《养心诀・春泥护花》人偶图残页	招式附加气血恢复，持续9秒，最多叠加2层。
427	1	8	132	1875	《养心诀・春泥护花》人偶图断篇	招式附加气血恢复，持续9秒，最多叠加2层。
428	1	8	132	1875	《养心诀・春泥护花》人偶图绝章	招式附加受到的伤害降低5%。
429	1	3	188	1870	《百花拂穴手・浮花浪蕊》经脉图残页	运功时间减少0.25秒。
430	1	2	188	1869	《百花拂穴手・浮花浪蕊》注解断篇	施展招式的消耗降低25%。
431	1	6	188	1873	《百花拂穴手・浮花浪蕊》参悟残页	招式伤害提高5%。
432	1	6	188	1873	《百花拂穴手・浮花浪蕊》参悟断篇	招式伤害提高10%。
433	1	6	188	1873	《百花拂穴手・浮花浪蕊》参悟绝章	招式伤害提高15%。
434	1	8	188	1875	《百花拂穴手・浮花浪蕊》人偶图残页	招式附加浮花不利气劲，内力消耗提高5%，持续9秒，最多叠加5层。
435	1	8	188	1875	《百花拂穴手・浮花浪蕊》人偶图断篇	招式附加浮花不利气劲，内力消耗提高5%，持续9秒，最多叠加5层。
436	1	3	137	1870	《太素九针・局针》经脉图残页	运功时间减少0.125秒。
437	1	3	137	1870	《太素九针・局针》经脉图断篇	运功时间减少0.125秒。
438	1	2	137	1869	《太素九针・局针》注解残页	施展招式的消耗降低5%。
439	1	2	137	1869	《太素九针・局针》注解断篇	施展招式的消耗降低10%。
440	1	9	137	1876	《太素九针・局针》真传残页	招式的有效距离增加4尺。
441	1	8	137	1875	《太素九针・局针》人偶图残页	疗伤成效提高4%。
442	1	8	137	1875	《太素九针・局针》人偶图断篇	疗伤成效提高5%。
443	1	1	190	1868	《百花拂穴手・兰摧玉折》穴位图残页	调息时间减少0.5秒。
444	1	1	190	1868	《百花拂穴手・兰摧玉折》穴位图断篇	调息时间减少0.5秒。
445	1	1	190	1868	《百花拂穴手・兰摧玉折》穴位图绝章	调息时间减少0.5秒。
446	1	3	190	1870	《百花拂穴手・兰摧玉折》经脉图残页	运功时间减少0.25秒。
447	1	2	190	1869	《百花拂穴手・兰摧玉折》注解残页	施展招式的消耗降低5%。
448	1	2	190	1869	《百花拂穴手・兰摧玉折》注解断篇	施展招式的消耗降低10%。
449	1	10	190	1877	《百花拂穴手・兰摧玉折》手抄残页	招式效果持续时间增加3秒。
450	1	2	133	1869	《养心诀・清风垂露》注解残页	施展招式的消耗降低20%。
451	1	9	133	1876	《养心诀・清风垂露》真传残页	招式的有效距离增加2尺。
452	1	9	133	1876	《养心诀・清风垂露》真传断篇	招式的有效距离增加2尺。
453	1	9	133	1876	《养心诀・清风垂露》真传绝章	招式的有效距离增加2尺。
454	1	8	133	1875	《养心诀・清风垂露》人偶图残页	能卸除额外一个点穴状态。
455	1	8	133	1875	《养心诀・清风垂露》人偶图断篇	能卸除额外一个点穴状态。
456	1	8	133	1875	《养心诀・清风垂露》人偶图绝章	招式立刻恢复一定气血值。
457	1	2	180	1869	《点穴截脉・商阳指》注解残页	施展招式的消耗降低5%。
458	1	2	180	1869	《点穴截脉・商阳指》注解断篇	施展招式的消耗降低5%。
459	1	2	180	1869	《点穴截脉・商阳指》注解绝章	施展招式的消耗降低10%。
460	1	10	180	1877	《点穴截脉・商阳指》手抄残页	招式效果持续时间增加3秒。
461	1	9	180	1876	《点穴截脉・商阳指》真传残页	招式的有效距离增加4尺。
462	1	8	180	1875	《点穴截脉・商阳指》人偶图残页	招式附加噬骨不利气劲，每层受混元性内功伤害提高2%，持续15秒，最多叠加5层。
463	1	8	180	1875	《点穴截脉・商阳指》人偶图断篇	招式附加噬骨不利气劲，每层受混元性内功伤害提高2%，持续15秒，最多叠加5层。
464	1	3	184	1870	《点穴截脉・少明指》经脉图残页	运功时间减少0.125秒。
465	1	3	184	1870	《点穴截脉・少明指》经脉图断篇	运功时间减少0.125秒。
466	1	9	184	1876	《点穴截脉・少明指》真传残页	招式的有效距离增加2尺。
467	1	9	184	1876	《点穴截脉・少明指》真传断篇	招式的有效距离增加2尺。
468	1	9	184	1876	《点穴截脉・少明指》真传绝章	招式的有效距离增加2尺。
469	1	6	184	1873	《点穴截脉・少明指》参悟残页	招式伤害提高20%。
470	1	6	184	1873	《点穴截脉・少明指》参悟断篇	招式伤害提高30%。
471	1	8	184	1875	《点穴截脉・少明指》人偶图残页	能卸除目标额外一个阳性内功气劲。
472	1	3	138	1870	《太素九针・提针》经脉图残页	运功时间减少0.125秒。
473	1	3	138	1870	《太素九针・提针》经脉图断篇	运功时间减少0.125秒。
474	1	2	138	1869	《太素九针・提针》注解残页	施展招式的消耗降低5%。
475	1	2	138	1869	《太素九针・提针》注解断篇	施展招式的消耗降低10%。
476	1	9	138	1876	《太素九针・提针》真传残页	招式的有效距离增加4尺。
477	1	8	138	1875	《太素九针・提针》人偶图残页	疗伤成效提高4%。
478	1	8	138	1875	《太素九针・提针》人偶图断篇	疗伤成效提高5%。
479	1	1	100	1868	《养心诀・星楼月影》穴位图残页	调息时间减少3秒。
480	1	1	100	1868	《养心诀・星楼月影》穴位图断篇	调息时间减少3秒。
481	1	2	100	1869	《养心诀・星楼月影》注解残页	施展招式的消耗降低10%。
482	1	2	100	1869	《养心诀・星楼月影》注解断篇	施展招式的消耗降低15%。
483	1	2	100	1869	《养心诀・星楼月影》注解绝章	施展招式的消耗降低20%。
484	1	8	100	1875	《养心诀・星楼月影》人偶图残页	招式附加气血恢复，持续9秒。
485	1	8	100	1875	《养心诀・星楼月影》人偶图断篇	招式附加化解受到伤害的30%，持续3秒。
486	1	3	179	1870	《点穴截脉・阳明指》经脉图残页	运功时间减少0.125秒。
487	1	3	179	1870	《点穴截脉・阳明指》经脉图断篇	运功时间减少0.125秒。
488	1	2	179	1869	《点穴截脉・阳明指》注解残页	施展招式的消耗降低5%。
489	1	2	179	1869	《点穴截脉・阳明指》注解断篇	施展招式的消耗降低10%。
490	1	5	179	1872	《点穴截脉・阳明指》秘诀残页	会心提高2%。
491	1	5	179	1872	《点穴截脉・阳明指》秘诀断篇	会心提高3%。
492	1	6	179	1873	《点穴截脉・阳明指》参悟残页	招式伤害提高3%。
493	1	6	179	1873	《点穴截脉・阳明指》参悟断篇	招式伤害提高4%。
494	1	3	189	1870	《百花拂穴手・钟林毓秀》经脉图残页	运功时间减少0.125秒。
495	1	3	189	1870	《百花拂穴手・钟林毓秀》经脉图断篇	运功时间减少0.125秒。
496	1	3	189	1870	《百花拂穴手・钟林毓秀》经脉图绝章	运功时间减少0.25秒。
497	1	2	189	1869	《百花拂穴手・钟林毓秀》注解残页	施展招式的消耗降低5%。
498	1	2	189	1869	《百花拂穴手・钟林毓秀》注解断篇	施展招式的消耗降低10%。
499	1	10	189	1877	《百花拂穴手・钟林毓秀》手抄残页	招式效果持续时间增加3秒。
500	1	8	189	1875	《百花拂穴手・钟林毓秀》人偶图残页	招式附加噬骨不利气劲，每层受混元性内功伤害提高2%，持续15秒，最多叠加5层。
501	1	8	189	1875	《百花拂穴手・钟林毓秀》人偶图断篇	招式附加噬骨不利气劲，每层受混元性内功伤害提高2%，持续15秒，最多叠加5层。
502	1	0	0	0	测试	测试
507	1	6	562	1840	《猿公剑法・剑主天地》参悟绝章	招式伤害提高5%。
511	1		0	0	《羽林枪法・龙牙》参悟绝章	招式伤害提高5%。
543	1	0	0	0	藏剑场景教学_霞流宝石	测试
545	1	5	1578	2560	《秀水剑法・平湖断月》秘诀残页	会心提高2%。
546	1	6	1578	2561	《秀水剑法・平湖断月》参悟残页	招式伤害提高3%。
547	1	6	1578	2561	《秀水剑法・平湖断月》参悟断篇	招式伤害提高4%。
548	1	6	1578	2561	《秀水剑法・平湖断月》参悟绝章	招式伤害提高5%。
549	1	9	1578	2564	《秀水剑法・平湖断月》真传残页	招式的有效距离增加1尺。
550	1	8	1578	2563	《秀水剑法・平湖断月》人偶图残页	招式额外获得2点剑气。
551	1	8	1578	2563	《秀水剑法・平湖断月》人偶图断篇	招式额外获得3点剑气。
552	1	5	1581	2560	《秀水剑法・黄龙吐翠》秘诀残页	会心提高2%。
553	1	5	1581	2560	《秀水剑法・黄龙吐翠》秘诀断篇	会心提高3%。
554	1	5	1581	2560	《秀水剑法・黄龙吐翠》秘诀绝章	会心提高4%。
555	1	6	1581	2561	《秀水剑法・黄龙吐翠》参悟残页	招式伤害提高3%。
556	1	6	1581	2561	《秀水剑法・黄龙吐翠》参悟断篇	招式伤害提高4%。
557	1	6	1581	2561	《秀水剑法・黄龙吐翠》参悟绝章	招式伤害提高5%。
558	1	8	1581	2563	《秀水剑法・黄龙吐翠》人偶图残页	招式额外获得2点剑气。
559	1	8	1581	2563	《秀水剑法・黄龙吐翠》人偶图断篇	招式额外获得3点剑气。
560	1	5	1579	2560	《秀水剑法・九溪弥烟》秘诀残页	会心提高2%。
561	1	5	1579	2560	《秀水剑法・九溪弥烟》秘诀断篇	会心提高3%。
562	1	6	1579	2561	《秀水剑法・九溪弥烟》参悟残页	招式伤害提高3%。
563	1	6	1579	2561	《秀水剑法・九溪弥烟》参悟断篇	招式伤害提高4%。
564	1	6	1579	2561	《秀水剑法・九溪弥烟》参悟绝章	招式伤害提高5%。
565	1	9	1579	2564	《秀水剑法・九溪弥烟》真传残页	招式的有效范围增加1尺。
566	1	9	1579	2564	《秀水剑法・九溪弥烟》真传断篇	招式的有效范围增加1尺。
567	1	3	1593	2558	《灵峰剑式・云飞玉皇》经脉图残页	运功时间减少0.25秒。
568	1	3	1593	2558	《灵峰剑式・云飞玉皇》经脉图断篇	运功时间减少0.25秒。
569	1	6	1593	2561	《灵峰剑式・云飞玉皇》参悟残页	招式伤害提高2%。
570	1	6	1593	2561	《灵峰剑式・云飞玉皇》参悟断篇	招式伤害提高3%。
571	1	6	1593	2561	《灵峰剑式・云飞玉皇》参悟绝章	招式伤害提高4%。
572	1	7	1593	2562	《灵峰剑式・云飞玉皇》详解残页	命中提高1%。
573	1	7	1593	2562	《灵峰剑式・云飞玉皇》详解断篇	命中提高2%。
574	1	5	1593	2560	《灵峰剑式・云飞玉皇》秘诀残页	会心提高3%。
575	1	3	1600	2558	《灵峰剑式・夕照雷峰》经脉图残页	运功时间减少0.125秒。
576	1	3	1600	2558	《灵峰剑式・夕照雷峰》经脉图断篇	运功时间减少0.125秒。
577	1	7	1600	2562	《灵峰剑式・夕照雷峰》详解残页	命中提高1%。
578	1	7	1600	2562	《灵峰剑式・夕照雷峰》详解断篇	命中提高2%。
579	1	6	1600	2561	《灵峰剑式・夕照雷峰》参悟残页	招式伤害提高2%。
580	1	6	1600	2561	《灵峰剑式・夕照雷峰》参悟断篇	招式伤害提高3%。
581	1	6	1600	2561	《灵峰剑式・夕照雷峰》参悟绝章	招式伤害提高4%。
582	1	5	1600	2560	《灵峰剑式・夕照雷峰》秘诀残页	会心提高3%。
583	1	6	1645	2561	《灵峰剑式・风来吴山》参悟残页	招式伤害提高2%。
584	1	6	1645	2561	《灵峰剑式・风来吴山》参悟断篇	招式伤害提高3%。
585	1	6	1645	2561	《灵峰剑式・风来吴山》参悟绝章	招式伤害提高4%。
586	1	8	1645	2563	《灵峰剑式・风来吴山》人偶图残页	招式附加目标减速效果，持续3秒。
587	1	8	1645	2563	《灵峰剑式・风来吴山》人偶图断篇	招式附加自身加速效果，持续5秒。
588	1	5	1645	2560	《灵峰剑式・风来吴山》秘诀残页	会心提高2%。
589	1	5	1645	2560	《灵峰剑式・风来吴山》秘诀断篇	会心提高3%。
590	1	1	1646	2556	《君子风・听雷》穴位图残页	调息时间减少0.25秒。
591	1	1	1646	2556	《君子风・听雷》穴位图断篇	调息时间减少0.25秒。
592	1	7	1646	2562	《君子风・听雷》详解残页	命中提高1%。
593	1	7	1646	2562	《君子风・听雷》详解断篇	命中提高2%。
594	1	5	1646	2560	《君子风・听雷》秘诀残页	会心提高2%。
595	1	5	1646	2560	《君子风・听雷》秘诀断篇	会心提高3%。
596	1	6	1646	2561	《君子风・听雷》参悟残页	招式伤害提高3%。
597	1	6	1646	2561	《君子风・听雷》参悟断篇	招式伤害提高4%。
598	1	6	1646	2561	《君子风・听雷》参悟绝章	招式伤害提高5%。
599	1	5	1651	2560	《君子风・断潮》秘诀残页	会心提高2%。
600	1	5	1651	2560	《君子风・断潮》秘诀断篇	会心提高3%。
601	1	5	1651	2560	《君子风・断潮》秘诀绝章	会心提高4%。
602	1	6	1651	2561	《君子风・断潮》参悟残页	招式伤害提高3%。
603	1	6	1651	2561	《君子风・断潮》参悟断篇	招式伤害提高4%。
604	1	6	1651	2561	《君子风・断潮》参悟绝章	招式伤害提高5%。
605	1	8	1656	2563	《君子风・啸日》人偶图残页	施展招式获得10点剑气。
606	1	8	1656	2563	《君子风・啸日》人偶图断篇	招式附加解除自身点穴不利效果。
607	1	8	1656	2563	《君子风・啸日》人偶图绝章	招式附加解除自身混元性不利效果。
608	1	1	1656	2556	《君子风・啸日》穴位图残页	调息时间减少0.5秒。
609	1	1	1656	2556	《君子风・啸日》穴位图断篇	调息时间减少0.5秒。
610	1	1	1656	2556	《君子风・啸日》穴位图绝章	调息时间减少0.5秒。
611	1	1	1664	2556	《西子情・雪断桥》穴位图残页	调息时间减少10秒。
612	1	1	1664	2556	《西子情・雪断桥》穴位图断篇	调息时间减少10秒。
613	1	1	1664	2556	《西子情・雪断桥》穴位图绝章	调息时间减少10秒。
614	1	8	1664	2563	《西子情・雪断桥》人偶图残页	招式额外获得10点剑气。
615	1	8	1664	2563	《西子情・雪断桥》人偶图断篇	招式额外获得10点剑气。
616	1	8	1664	2563	《西子情・雪断桥》人偶图绝章	招式额外获得10点剑气。
617	1	1	1665	2556	《西子情・风吹荷》穴位图残页	调息时间减少2秒。
618	1	1	1665	2556	《西子情・风吹荷》穴位图断篇	调息时间减少3秒。
619	1	1	1665	2556	《西子情・风吹荷》穴位图绝章	调息时间减少5秒。
620	1	10	1665	2565	《西子情・风吹荷》手抄残页	招式效果持续时间增加1秒。
621	1	7	1665	2562	《西子情・风吹荷》详解残页	命中提高1%。
622	1	7	1665	2562	《西子情・风吹荷》详解断篇	命中提高2%。
623	1	9	1665	2564	《西子情・风吹荷》真传残页	招式的有效距离增加1尺。
624	1	9	1665	2564	《西子情・风吹荷》真传断篇	招式的有效距离增加1尺。
625	1	9	1665	2564	《西子情・风吹荷》真传绝章	招式的有效距离增加1尺。
626	1	1	1668	2556	《西子情・云栖松》穴位图残页	调息时间减少10秒。
627	1	1	1668	2556	《西子情・云栖松》穴位图断篇	调息时间减少10秒。
628	1	10	1668	2565	《西子情・云栖松》手抄残页	招式闪躲效果持续时间增加2秒。
629	1	10	1668	2565	《西子情・云栖松》手抄断篇	招式招架效果持续时间增加1秒。
630	1	8	1668	2563	《西子情・云栖松》人偶图绝章	招式附加自身每秒回复剑气2点效果，持续8秒。
631	1	8	1668	2563	《西子情・云栖松》人偶图残页	招式附加自身外功防御提高，持续20秒。
632	1	8	1668	2563	《西子情・云栖松》人偶图断篇	招式附加气血恢复，持续5秒。
639	1	1	0	0	七秀PVP套装效果	绛唇珠袖调息时间减少10s
640	1	1	0	0	少林PVP套装效果	捉影式的调息时间减少3秒
641	1	1	0	0	天策PVP套装效果	突的调息时间减少3秒
642	1	1	0	0	万花PVP套装效果	毫针的调息时间减少2秒
644	1	1	0	0	藏剑PVP套装效果	醉月减1sCD
645	1	1	0	0	纯阳PVP套装效果	“人剑合一”招式调息时间减少1秒
646	1	1	0	0	纯阳PVP套装效果	“三才化生”招式调息时间减少2秒
647	1	7	34	1885	《防身武艺・虹气长空》详解残页	命中提高1%。
648	1	7	34	1885	《防身武艺・虹气长空》详解断篇	命中提高2%。
649	1	7	34	1885	《防身武艺・虹气长空》详解绝章	命中提高3%。
718	1	1	2235	2716	《补天心经・千蝶吐瑞》穴位图残页	调息时间减少10秒。
719	1	1	2235	2716	《补天心经・千蝶吐瑞》穴位图断篇	调息时间减少10秒。
720	1	2	2235	2717	《补天心经・千蝶吐瑞》注解残页	施展招式的消耗降低5%。
721	1	2	2235	2717	《补天心经・千蝶吐瑞》注解断篇	施展招式的消耗降低10%。
722	1	1	2235	2716	《补天心经・千蝶吐瑞》穴位图绝章	调息时间减少10秒。
723	1	8	2235	2723	《补天心经・千蝶吐瑞》人偶图残页	疗伤成效提高4%。
724	1	8	2235	2723	《补天心经・千蝶吐瑞》人偶图断篇	疗伤成效提高5%。
725	1	6	2214	2721	《引魂蛊术・夺命蛊》参悟残页	招式伤害提高10%。
726	1	6	2214	2721	《引魂蛊术・夺命蛊》参悟断篇	招式伤害提高10%。
727	1	6	2214	2721	《引魂蛊术・夺命蛊》参悟绝章	招式伤害提高10%。
728	1	2	2214	2717	《引魂蛊术・夺命蛊》注解残页	施展招式的消耗降低5%。
729	1	2	2214	2717	《引魂蛊术・夺命蛊》注解断篇	施展招式的消耗降低10%。
730	1	9	2214	2724	《引魂蛊术・夺命蛊》真传残页	招式的有效距离增加1尺。
731	1	9	2214	2724	《引魂蛊术・夺命蛊》真传断篇	招式的有效距离增加2尺。
732	1	1	2226	2716	《驭虫奇术・蛊虫献祭》穴位图残页	调息时间减少2秒。
733	1	1	2226	2716	《驭虫奇术・蛊虫献祭》穴位图断篇	调息时间减少3秒。
734	1	2	2226	2717	《驭虫奇术・蛊虫献祭》注解残页	施展招式的消耗降低5%。
735	1	2	2226	2717	《驭虫奇术・蛊虫献祭》注解断篇	施展招式的消耗降低5%。
736	1	2	2226	2717	《驭虫奇术・蛊虫献祭》注解绝章	施展招式的消耗降低10%。
737	1	8	2226	2723	《驭虫奇术・蛊虫献祭》人偶图残页	招式附加气血恢复，持续9秒，最多叠加2层。
738	1	8	2226	2723	《驭虫奇术・蛊虫献祭》人偶图断篇	招式附加气血恢复，持续9秒，最多叠加2层。
739	1	3	2232	2718	《补天心经・冰蚕牵丝》经脉图残页	运功时间减少0.125秒。
740	1	3	2232	2718	《补天心经・冰蚕牵丝》经脉图断篇	运功时间减少0.125秒。
741	1	2	2232	2717	《补天心经・冰蚕牵丝》注解残页	施展招式的消耗降低5%。
742	1	2	2232	2717	《补天心经・冰蚕牵丝》注解断篇	施展招式的消耗降低10%。
743	1	9	2232	2724	《补天心经・冰蚕牵丝》真传残页	招式的有效距离增加2尺。
744	1	8	2232	2723	《补天心经・冰蚕牵丝》人偶图残页	疗伤成效提高4%。
745	1	8	2232	2723	《补天心经・冰蚕牵丝》人偶图断篇	疗伤成效提高5%。
746	1	6	2215	2721	《引魂蛊术・迷心蛊》参悟残页	招式伤害提高10%。
747	1	6	2215	2721	《引魂蛊术・迷心蛊》参悟断篇	招式伤害提高10%。
748	1	6	2215	2721	《引魂蛊术・迷心蛊》参悟绝章	招式伤害提高10%。
749	1	2	2215	2717	《引魂蛊术・迷心蛊》注解残页	施展招式的消耗降低5%。
750	1	2	2215	2717	《引魂蛊术・迷心蛊》注解断篇	施展招式的消耗降低5%。
751	1	2	2215	2717	《引魂蛊术・迷心蛊》注解绝章	施展招式的消耗降低10%。
752	1	9	2215	2724	《引魂蛊术・迷心蛊》真传残页	招式的有效距离增加1尺。
753	1	9	2215	2724	《引魂蛊术・迷心蛊》真传断篇	招式的有效距离增加2尺。
754	1	6	2216	2721	《引魂蛊术・枯残蛊》参悟残页	招式伤害提高10%。
755	1	6	2216	2721	《引魂蛊术・枯残蛊》参悟断篇	招式伤害提高10%。
756	1	6	2216	2721	《引魂蛊术・枯残蛊》参悟绝章	招式伤害提高10%。
757	1	2	2216	2717	《引魂蛊术・枯残蛊》注解残页	施展招式的消耗降低5%。
758	1	2	2216	2717	《引魂蛊术・枯残蛊》注解断篇	施展招式的消耗降低5%。
759	1	2	2216	2717	《引魂蛊术・枯残蛊》注解绝章	施展招式的消耗降低10%。
760	1	9	2216	2724	《引魂蛊术・枯残蛊》真传残页	招式的有效距离增加1尺。
761	1	9	2216	2724	《引魂蛊术・枯残蛊》真传断篇	招式的有效距离增加2尺。
762	1	2	2211	2717	《千劫万毒手・蛇影》注解残页	施展招式的消耗降低5%。
763	1	2	2211	2717	《千劫万毒手・蛇影》注解断篇	施展招式的消耗降低5%。
764	1	2	2211	2717	《千劫万毒手・蛇影》注解绝章	施展招式的消耗降低10%。
765	1	10	2211	2725	《千劫万毒手・蛇影》手抄残页	招式效果持续时间增加2秒。
766	1	9	2211	2724	《千劫万毒手・蛇影》真传残页	招式的有效距离增加4尺。
767	1	6	2211	2721	《千劫万毒手・蛇影》参悟残页	招式伤害提高4%。
768	1	6	2211	2721	《千劫万毒手・蛇影》参悟断篇	招式伤害提高5%。
769	1	1	2212	2716	《千劫万毒手・百足》穴位图断篇	调息时间减少1秒。
770	1	1	2212	2716	《千劫万毒手・百足》穴位图绝章	调息时间减少1秒。
771	1	12	2212	2724	《千劫万毒手・百足》真传残页	招式的有效范围增加1尺。
772	1	12	2212	2724	《千劫万毒手・百足》真传断篇	招式的有效范围增加1尺。
773	1	12	2212	2724	《千劫万毒手・百足》真传绝章	招式的有效范围增加1尺。
774	1	6	2212	2721	《千劫万毒手・百足》参悟残页	招式伤害提高5%。
775	1	6	2212	2721	《千劫万毒手・百足》参悟断篇	招式伤害提高10%。
776	1	1	2212	2716	《千劫万毒手・百足》穴位图残页	调息时间减少1秒。
777	1	12	2233	2724	《补天心经・醉舞九天》真传断篇	招式的有效范围增加2尺。
778	1	8	2233	2723	《补天心经・醉舞九天》人偶图绝章	疗伤成效提高6%。
779	1	2	2233	2717	《补天心经・醉舞九天》注解残页	施展招式的消耗降低5%。
780	1	2	2233	2717	《补天心经・醉舞九天》注解断篇	施展招式的消耗降低10%。
781	1	12	2233	2724	《补天心经・醉舞九天》真传残页	招式的有效范围增加2尺。
782	1	8	2233	2723	《补天心经・醉舞九天》人偶图残页	疗伤成效提高4%。
783	1	8	2233	2723	《补天心经・醉舞九天》人偶图断篇	疗伤成效提高5%。
784	1	1	2220	2716	《引魂蛊术・凤凰蛊》穴位图残页	调息时间减少120秒。
785	1	1	2220	2716	《引魂蛊术・凤凰蛊》穴位图断篇	调息时间减少180秒。
786	1	2	2220	2717	《引魂蛊术・凤凰蛊》注解残页	施展招式的消耗降低10%。
787	1	2	2220	2717	《引魂蛊术・凤凰蛊》注解断篇	施展招式的消耗降低15%。
788	1	2	2220	2717	《引魂蛊术・凤凰蛊》注解绝章	施展招式的消耗降低20%。
789	1	8	2220	2723	《引魂蛊术・凤凰蛊》人偶图残页	招式附加目标重伤原地起身后最大气血值提高，持续20秒。
790	1	8	2220	2723	《引魂蛊术・凤凰蛊》人偶图断篇	目标重伤原地起身后不受伤害，持续2秒。
791	1	3	2209	2718	《千劫万毒手・蝎心》经脉图残页	运功时间减少0.125秒。
792	1	3	2209	2718	《千劫万毒手・蝎心》经脉图断篇	运功时间减少0.125秒。
793	1	2	2209	2717	《千劫万毒手・蝎心》注解残页	施展招式的消耗降低5%。
794	1	2	2209	2717	《千劫万毒手・蝎心》注解断篇	施展招式的消耗降低10%。
795	1	5	2209	2720	《千劫万毒手・蝎心》秘诀残页	会心提高2%。
796	1	6	2209	2721	《千劫万毒手・蝎心》参悟残页	招式伤害提高3%。
797	1	6	2209	2721	《千劫万毒手・蝎心》参悟断篇	招式伤害提高4%。
798	1	1	2230	2716	《补天心经・女娲补天》穴位图残页	调息时间减少1秒。
799	1	1	2230	2716	《补天心经・女娲补天》穴位图断篇	调息时间减少2秒。
800	1	1	2230	2716	《补天心经・女娲补天》穴位图绝章	调息时间减少3秒。
801	1	10	2230	2725	《补天心经・女娲补天》手抄残页	招式效果持续时间增加3秒。
802	1	2	2230	2717	《补天心经・女娲补天》注解残页	施展招式的消耗降低10%。
803	1	2	2230	2717	《补天心经・女娲补天》注解断篇	施展招式的消耗降低20%。
804	1	8	2230	2723	《补天心经・女娲补天》人偶图残页	招式降低移动速度的效果降低10%。
805	1	8	2230	2723	《补天心经・女娲补天》人偶图断篇	招式降低移动速度的效果降低10%。
810	1	1	0	0	五毒PVP套装属性	蛊虫献祭的调息时间减少2秒
819	1	6	3087	3159	《乾坤一掷・化血镖》参悟残页	招式伤害提高3%。
820	1	6	3087	3159	《乾坤一掷・化血镖》参悟断篇	招式伤害提高4%。
821	1	6	3087	3159	《乾坤一掷・化血镖》参悟绝章	招式伤害提高5%。
822	1	9	3087	3162	《乾坤一掷・化血镖》真传残页	招式的有效距离增加1尺。
823	1	9	3087	3162	《乾坤一掷・化血镖》真传断篇	招式的有效距离增加1尺。
824	1	10	3087	3163	《乾坤一掷・化血镖》手抄残页	招式效果持续时间增加3秒。
825	1	8	3087	3161	《乾坤一掷・化血镖》人偶图残页	招式附加噬心毒性不利气劲，每层受毒性内功伤害提高2%，持续21秒，最多叠加5层。
826	1	8	3087	3161	《乾坤一掷・化血镖》人偶图断篇	招式附加噬心毒性不利气劲，每层受毒性内功伤害提高2%，持续21秒，最多叠加5层。
827	1	1	3091	3154	《乾坤一掷・毒蒺藜》穴位图残页	调息时间减少1秒。
828	1	1	3091	3154	《乾坤一掷・毒蒺藜》穴位图断篇	调息时间减少1秒。
829	1	1	3091	3154	《乾坤一掷・毒蒺藜》穴位图绝章	调息时间减少1秒。
830	1	9	3091	3162	《乾坤一掷・毒蒺藜》真传残页	招式的有效距离增加1尺。
831	1	9	3091	3162	《乾坤一掷・毒蒺藜》真传断篇	招式的有效距离增加1尺。
832	1	9	3091	3162	《乾坤一掷・毒蒺藜》真传绝章	招式的有效距离增加1尺。
833	1	10	3091	3163	《乾坤一掷・毒蒺藜》手抄残页	招式效果持续时间增加2秒。
834	1	6	3093	3159	《乾坤一掷・暴雨梨花针》参悟残页	招式伤害提高3%。
835	1	6	3093	3159	《乾坤一掷・暴雨梨花针》参悟断篇	招式伤害提高4%。
836	1	6	3093	3159	《乾坤一掷・暴雨梨花针》参悟绝章	招式伤害提高5%。
837	1	5	3093	3158	《乾坤一掷・暴雨梨花针》秘诀残页	会心提高3%。
838	1	5	3093	3158	《乾坤一掷・暴雨梨花针》秘诀断篇	会心提高4%。
839	1	5	3093	3158	《乾坤一掷・暴雨梨花针》秘诀绝章	会心提高5%。
840	1	7	3093	3160	《乾坤一掷・暴雨梨花针》详解残页	命中提高1%。
841	1	7	3093	3160	《乾坤一掷・暴雨梨花针》详解断篇	命中提高2%。
842	1	8	3093	3161	《乾坤一掷・暴雨梨花针》人偶图残页	招式附加气魄效果，每层元气提高1%，持续20秒，最多叠加5层。
843	1	3	3095	3156	《百步穿杨・夺魄箭》经脉图残页	运功时间减少0.125秒。
844	1	3	3095	3156	《百步穿杨・夺魄箭》经脉图断篇	运功时间减少0.125秒。
845	1	6	3095	3159	《百步穿杨・夺魄箭》参悟残页	招式伤害提高3%。
846	1	6	3095	3159	《百步穿杨・夺魄箭》参悟断篇	招式伤害提高4%。
847	1	6	3095	3159	《百步穿杨・夺魄箭》参悟绝章	招式伤害提高5%。
848	1	5	3095	3158	《百步穿杨・夺魄箭》秘诀残页	会心提高3%。
849	1	5	3095	3158	《百步穿杨・夺魄箭》秘诀断篇	会心提高4%。
850	1	5	3095	3158	《百步穿杨・夺魄箭》秘诀绝章	会心提高5%。
851	1	1	3096	3154	《百步穿杨・追命箭》穴位图残页	调息时间减少1秒。
852	1	1	3096	3154	《百步穿杨・追命箭》穴位图断篇	调息时间减少1秒。
853	1	6	3096	3159	《百步穿杨・追命箭》参悟残页	招式伤害提高3%。
854	1	6	3096	3159	《百步穿杨・追命箭》参悟断篇	招式伤害提高4%。
855	1	6	3096	3159	《百步穿杨・追命箭》参悟绝章	招式伤害提高5%。
856	1	5	3096	3158	《百步穿杨・追命箭》秘诀残页	会心提高3%。
857	1	5	3096	3158	《百步穿杨・追命箭》秘诀断篇	会心提高4%。
858	1	8	3096	3161	《百步穿杨・追命箭》人偶图残页	招式忽视目标20%外功防御。
859	1	6	3098	3159	《百步穿杨・穿心弩》参悟残页	招式伤害提高5%。
860	1	6	3098	3159	《百步穿杨・穿心弩》参悟断篇	招式伤害提高10%。
861	1	1	3098	3154	《百步穿杨・穿心弩》穴位图残页	调息时间减少1秒。
862	1	1	3098	3154	《百步穿杨・穿心弩》穴位图断篇	调息时间减少1秒。
863	1	9	3098	3162	《百步穿杨・穿心弩》真传残页	招式的有效距离增加1尺。
864	1	9	3098	3162	《百步穿杨・穿心弩》真传断篇	招式的有效距离增加1尺。
865	1	9	3098	3162	《百步穿杨・穿心弩》真传绝章	招式的有效距离增加1尺。
866	1	8	3098	3161	《百步穿杨・穿心弩》人偶图残页	招式附加气散外功不利气劲，施展招式的内力消耗提高30%，持续5秒。
867	1	10	3098	3163	《百步穿杨・穿心弩》手抄残页	招式效果持续时间增加3秒。
868	1	3	3105	3156	《九宫飞星・蚀肌弹》经脉图残页	运功时间减少0.125秒。
869	1	3	3105	3156	《九宫飞星・蚀肌弹》经脉图断篇	运功时间减少0.125秒。
870	1	6	3105	3159	《九宫飞星・蚀肌弹》参悟残页	招式伤害提高3%。
871	1	6	3105	3159	《九宫飞星・蚀肌弹》参悟断篇	招式伤害提高4%。
872	1	6	3105	3159	《九宫飞星・蚀肌弹》参悟绝章	招式伤害提高5%。
873	1	5	3105	3158	《九宫飞星・蚀肌弹》秘诀残页	会心提高3%。
874	1	5	3105	3158	《九宫飞星・蚀肌弹》秘诀断篇	会心提高4%。
875	1	5	3105	3158	《九宫飞星・蚀肌弹》秘诀绝章	会心提高5%。
876	1	6	3107	3159	《九宫飞星・鲲鹏铁爪》参悟残页	招式伤害提高10%。
877	1	6	3107	3159	《九宫飞星・鲲鹏铁爪》参悟断篇	招式伤害提高15%。
878	1	1	3107	3154	《九宫飞星・鲲鹏铁爪》穴位图残页	调息时间减少3秒。
879	1	1	3107	3154	《九宫飞星・鲲鹏铁爪》穴位图断篇	调息时间减少3秒。
880	1	12	3107	3162	《九宫飞星・鲲鹏铁爪》真传残页	招式的有效范围增加1尺。
881	1	12	3107	3162	《九宫飞星・鲲鹏铁爪》真传断篇	招式的有效范围增加1尺。
882	1	11	3107	3164	《九宫飞星・鲲鹏铁爪》气血图残页	招式的有效目标人数增加1个。
883	1	8	3107	3161	《九宫飞星・鲲鹏铁爪》人偶图残页	招式附加身乏毒性不利气劲，无法施展轻功，持续3秒。
884	1	6	3108	3159	《九宫飞星・天绝地灭》参悟残页	招式伤害提高3%。
885	1	6	3108	3159	《九宫飞星・天绝地灭》参悟断篇	招式伤害提高4%。
886	1	6	3108	3159	《九宫飞星・天绝地灭》参悟绝章	招式伤害提高5%。
887	1	12	3108	3162	《九宫飞星・天绝地灭》真传残页	招式的有效范围增加1尺。
888	1	12	3108	3162	《九宫飞星・天绝地灭》真传断篇	招式的有效范围增加1尺。
889	1	12	3108	3162	《九宫飞星・天绝地灭》真传绝章	招式的有效范围增加1尺。
890	1	11	3108	3164	《九宫飞星・天绝地灭》气血图残页	招式的有效目标人数增加1个。
891	1	11	3108	3164	《九宫飞星・天绝地灭》气血图断篇	招式的有效目标人数增加2个。
892	1	6	3113	3159	《天魔无相・钻心刺骨》参悟残页	招式伤害提高3%。
893	1	6	3113	3159	《天魔无相・钻心刺骨》参悟断篇	招式伤害提高4%。
894	1	6	3113	3159	《天魔无相・钻心刺骨》参悟绝章	招式伤害提高5%。
895	1	5	3113	3158	《天魔无相・钻心刺骨》秘诀残页	会心提高3%。
896	1	5	3113	3158	《天魔无相・钻心刺骨》秘诀断篇	会心提高4%。
897	1	5	3113	3158	《天魔无相・钻心刺骨》秘诀绝章	会心提高5%。
898	1	9	3113	3162	《天魔无相・钻心刺骨》真传残页	招式的有效范围增加1尺。
899	1	8	3113	3161	《天魔无相・钻心刺骨》人偶图残页	招式命中后额外造成一次伤害。
900	1	1	3114	3154	《天魔无相・惊鸿游龙》穴位图残页	调息时间减少10秒。
901	1	1	3114	3154	《天魔无相・惊鸿游龙》穴位图断篇	调息时间减少10秒。
902	1	1	3114	3154	《天魔无相・惊鸿游龙》穴位图绝章	调息时间减少10秒。
903	1	8	3114	3161	《天魔无相・惊鸿游龙》人偶图残页	招式附加移动速度提高，持续5秒。
904	1	8	3114	3161	《天魔无相・惊鸿游龙》人偶图断篇	施展招式额外获得20点神机值。
905	1	8	3114	3161	《天魔无相・惊鸿游龙》人偶图绝章	招式附加影息气劲，每秒恢复1%气血值，持续5秒。
906	1	10	3114	3163	《天魔无相・惊鸿游龙》手抄残页	招式效果持续时间增加1秒。
907	1	6	3115	3159	《天魔无相・荆天棘地》参悟残页	招式伤害提高5%。
908	1	6	3115	3159	《天魔无相・荆天棘地》参悟断篇	招式伤害提高10%。
909	1	1	3115	3154	《天魔无相・荆天棘地》穴位图残页	调息时间减少5秒。
910	1	1	3115	3154	《天魔无相・荆天棘地》穴位图断篇	调息时间减少5秒。
911	1	10	3115	3163	《天魔无相・荆天棘地》手抄残页	招式效果持续时间增加1秒。
912	1	9	3115	3162	《天魔无相・荆天棘地》真传残页	招式的有效距离增加1尺。
913	1	9	3115	3162	《天魔无相・荆天棘地》真传断篇	招式的有效距离增加1尺。
